Iteration,Time_Seconds,Objective_Value,W_Shift,W_Swap,W_Kick
0,0.0,9592,100.0,100.0,100.0
4,0.007775306701660156,9592,90.0,81.0,64.0
7,0.016132593154907227,9592,82.0,53.64,64.0
10,0.02201986312866211,9592,65.60000000000001,43.912000000000006,51.2
15,0.03748297691345215,9592,51.98400000000001,24.922944000000005,51.2
17,0.03992605209350586,9592,51.58720000000001,24.922944000000005,40.96000000000001
19,0.044722557067871094,9592,51.26976000000001,20.938355200000004,40.96000000000001
20,0.04576277732849121,9592,51.26976000000001,20.938355200000004,32.76800000000001
29,0.06270003318786621,9592,21.00009369600001,13.160437862400002,30.97152000000001
30,0.06557822227478027,9592,21.00009369600001,10.528350289920002,30.97152000000001
33,0.06920599937438965,9592,23.440059965440007,10.528350289920002,24.77721600000001
39,0.07609105110168457,9592,22.001310702305283,10.528350289920002,12.685934592000008
40,0.07955694198608398,9592,22.001310702305283,9.422680231936003,12.685934592000008
43,0.08296036720275879,9592,21.264671079580307,9.422680231936003,12.685934592000008
45,0.08524370193481445,9592,27.011736863664247,9.422680231936003,11.148747673600006
50,0.0925288200378418,9592,21.6093894909314,8.538144185548802,5.708158808883204
52,0.09734296798706055,9592,27.28751159274512,7.830515348439042,5.708158808883204
59,0.10961580276489258,9592,21.176964748388404,6.8115298230009875,5.0
60,0.11062216758728027,9592,21.176964748388404,6.8115298230009875,5.0
62,0.11297893524169922,9592,26.941571798710722,6.8115298230009875,5.0
64,0.11540341377258301,9592,27.242605951174863,6.8115298230009875,5.0
67,0.11887598037719727,9592,23.94821424700153,6.8115298230009875,5.0
70,0.12196755409240723,9592,25.32685711808098,6.8115298230009875,5.0
71,0.12317991256713867,9592,30.261485694464785,6.8115298230009875,5.0
74,0.12920475006103516,9592,29.367350844457462,6.44922385840079,5.0
77,0.13289523124694824,9592,25.036083632362224,6.44922385840079,5.0
80,0.13597989082336426,9592,26.023093524711825,6.44922385840079,5.0
81,0.13728833198547363,9592,30.818474819769463,6.44922385840079,5.0
82,0.13852524757385254,9592,34.654779855815576,6.44922385840079,5.0
84,0.14092230796813965,9592,32.17905910772197,6.44922385840079,5.0
90,0.14999747276306152,9592,10.544434088418337,6.159379086720633,5.0
94,0.15696430206298828,9592,16.748437816587735,5.927503269376507,5.0
98,0.16413259506225586,9592,18.57520016209292,5.742002615501206,5.0
100,0.1690812110900879,9592,14.860160129674336,5.593602092400965,5.0
101,0.1708822250366211,9592,21.88812810373947,5.593602092400965,5.0
102,0.17282795906066895,9592,27.510502482991576,5.593602092400965,5.0
104,0.17636656761169434,9592,27.60672158911461,5.593602092400965,5.0
107,0.17958545684814453,9592,24.134641453626685,5.593602092400965,5.0
110,0.1825861930847168,9592,25.446170530321083,5.593602092400965,5.0
113,0.1860499382019043,9592,26.285549139405497,5.593602092400965,5.0
114,0.18727636337280273,9592,31.028439311524398,5.593602092400965,5.0
115,0.18851161003112793,9592,34.822751449219524,5.593602092400965,5.0
116,0.18973207473754883,9592,37.858201159375625,5.593602092400965,5.0
118,0.19201016426086426,9592,40.2865609275005,5.593602092400965,5.0
119,0.19323182106018066,9592,42.2292487420004,5.593602092400965,5.0
120,0.1943068504333496,9592,42.2292487420004,5.593602092400965,5.0
123,0.19792914390563965,9592,31.621375355904206,5.593602092400965,5.0
126,0.2039179801940918,9592,35.29710028472337,5.474881673920772,5.0
127,0.20514941215515137,9592,38.2376802277787,5.474881673920772,5.0
128,0.20638680458068848,9592,40.59014418222296,5.474881673920772,5.0
130,0.20869016647338867,9592,25.977692276622697,5.474881673920772,5.0
133,0.21463251113891602,9592,26.625723057038527,5.379905339136618,5.0
137,0.22192144393920898,9592,23.632370205203728,5.3039242713092944,5.0
138,0.22308611869812012,9592,23.632370205203728,5.3039242713092944,14.0
139,0.22437071800231934,9592,28.905896164162982,5.3039242713092944,14.0
140,0.22499608993530273,9592,28.905896164162982,5.3039242713092944,11.200000000000001
150,0.23791170120239258,9592,9.471884055072929,5.243139417047436,5.0
155,0.2454841136932373,9592,16.062005795246677,5.194511533637949,5.0
160,0.2604813575744629,9592,12.849604636197341,5.079671924178105,5.0
169,0.2778339385986328,9592,16.57899757373304,5.04079202517919,5.0
170,0.27884769439697266,9592,16.57899757373304,5.04079202517919,5.0
174,0.2835094928741455,9592,20.61055844718915,5.04079202517919,5.0
175,0.2848520278930664,9592,26.48844675775132,5.04079202517919,5.0
180,0.2928469181060791,9592,13.562084739968677,5.032633620143352,5.0
181,0.29421329498291016,9592,20.849667791974944,5.032633620143352,5.0
184,0.29770851135253906,9592,23.343787386863966,5.032633620143352,5.0
186,0.30239367485046387,9592,28.675029909491172,5.026106896114682,5.0
190,0.3141286373138428,9592,22.94002392759294,5.013366730810718,5.0
194,0.3208622932434082,9592,21.745292250927584,5.010693384648575,5.0
200,0.3300795555114746,9592,21.133589632474923,5.008554707718861,5.0
201,0.3314037322998047,9592,26.90687170597994,5.008554707718861,5.0
206,0.33858680725097656,9592,21.021054650769386,5.006843766175089,5.0
210,0.34575533866882324,9592,10.762779981193928,5.005475012940071,5.0
214,0.35503411293029785,9592,16.888179187964113,5.003504008281646,5.0
215,0.3562660217285156,9592,23.510543350371293,5.003504008281646,5.0
216,0.35759758949279785,9592,28.808434680297037,5.003504008281646,5.0
217,0.35881948471069336,9592,33.046747744237635,5.003504008281646,5.0
220,0.36734962463378906,9592,26.43739819539011,5.002803206625317,5.0
228,0.38009119033813477,9592,15.544324250025877,5.002242565300254,5.0
230,0.3824775218963623,9592,19.94836752001656,5.002242565300254,5.0
231,0.3836953639984131,9592,25.958694016013247,5.002242565300254,5.0
234,0.3867607116699219,9592,23.290851336198784,5.002242565300254,5.0
240,0.39351725578308105,9592,9.539932707307022,5.002242565300254,5.0
250,0.42029643058776855,9592,14.0,5.00058787503807,5.0
251,0.42165207862854004,9592,21.200000000000003,5.00058787503807,5.0
259,0.43535423278808594,9592,23.568000000000005,5.000376240024365,5.0
260,0.4385533332824707,9592,23.568000000000005,5.0003009920194925,5.0
263,0.4421424865722656,9592,25.083520000000007,5.0003009920194925,5.0
265,0.4445321559906006,9592,26.053452800000006,5.0003009920194925,5.0
267,0.4469568729400635,9592,26.674209792000006,5.0003009920194925,5.0
270,0.45375680923461914,9592,21.339367833600008,5.0,5.0
271,0.4550354480743408,9592,27.071494266880006,5.0,5.0
274,0.4587254524230957,9592,27.325756330803205,5.0,5.0
275,0.45993733406066895,9592,31.860605064642566,5.0,5.0
278,0.4634370803833008,9592,26.312629793096995,5.0,5.0
280,0.46566271781921387,9592,16.84008306758208,5.0,5.0
282,0.47025012969970703,9592,23.47206645406566,5.0,5.0
283,0.4715232849121094,9592,28.77765316325253,5.0,5.0
290,0.4814796447753906,9592,11.787326735668238,5.0,5.0
293,0.48516011238098145,9592,17.54388911082767,5.0,5.0
296,0.49163818359375,9592,21.22808903092971,5.0,5.0
297,0.4928557872772217,9592,26.98247122474377,5.0,5.0
298,0.49408745765686035,9592,31.585976979795017,5.0,5.0
299,0.49530839920043945,9592,35.26878158383602,5.0,5.0
300,0.49642372131347656,9592,28.215025267068814,5.0,5.0
301,0.4976811408996582,9592,32.57202021365505,5.0,5.0
305,0.5018861293792725,9592,26.67687434939139,5.0,5.0
308,0.5054914951324463,9592,23.658559666888394,5.0,5.0
310,0.5124287605285645,9592,23.658559666888394,5.0,5.0
311,0.5137238502502441,9592,28.926847733510716,5.0,5.0
312,0.5149414539337158,9592,33.14147818680857,5.0,5.0
313,0.5161712169647217,9592,36.51318254944685,5.0,5.0
314,0.5174033641815186,9592,39.210546039557485,5.0,5.0
315,0.5187811851501465,9592,41.368436831645994,5.0,5.0
320,0.5246195793151855,9592,13.555609380993761,5.0,5.0
321,0.5259480476379395,9592,20.844487504795012,5.0,5.0
324,0.5294947624206543,9592,20.67237760245505,5.0,5.0
328,0.5335969924926758,9592,23.230321665571232,5.0,5.0
330,0.5378201007843018,9592,23.230321665571232,5.0,5.0
334,0.542351245880127,9592,24.867405865965587,5.0,5.0
340,0.5513083934783936,9592,12.732111803374384,5.0,5.0
347,0.5630791187286377,9592,16.518841243327685,5.0,5.0
350,0.5662178993225098,9592,16.518841243327685,5.0,5.0
351,0.567469596862793,9592,23.21507299466215,5.0,5.0
352,0.5686938762664795,9592,28.572058395729723,5.0,5.0
356,0.575214147567749,9592,28.286117373267025,5.0,5.0
358,0.5776104927062988,9592,28.103115118890898,5.0,5.0
360,0.5798177719116211,9592,17.985993676090175,5.0,5.0
364,0.5891275405883789,9592,21.51103595269771,5.0,5.0
365,0.5904290676116943,9592,27.20882876215817,5.0,5.0
366,0.5916917324066162,9592,31.767063009726538,5.0,5.0
370,0.606297492980957,9592,20.330920326224987,5.0,5.0
372,0.6088237762451172,9592,26.26473626097999,5.0,5.0
379,0.6195485591888428,9592,16.88514302239834,5.0,5.0
380,0.6207106113433838,9592,13.508114417918671,5.0,5.0
381,0.6220247745513916,9592,20.80649153433494,5.0,5.0
385,0.6266279220581055,9592,20.652923665579493,5.0,5.0
387,0.6354668140411377,9592,26.522338932463594,5.0,5.0
390,0.6395726203918457,9592,13.579437533421363,5.0,5.0
395,0.6452996730804443,9592,15.56213761368939,5.0,5.0
400,0.6619634628295898,9592,12.449710090951513,5.0,5.0
410,0.6780014038085938,9592,14.0,5.0,5.0
417,0.6989049911499023,9592,17.168,5.0,5.0
420,0.7041962146759033,9592,13.7344,5.0,5.0
423,0.7077558040618896,9592,18.790016,5.0,5.0
427,0.7122111320495605,9592,17.696390553600004,5.0,5.0
429,0.7147705554962158,9592,21.325689954304003,5.0,5.0
430,0.7158873081207275,9592,17.060551963443203,5.0,5.0
438,0.726672887802124,9592,16.988002084226338,5.0,5.0
440,0.729177713394165,9592,20.872321333904857,5.0,5.0
441,0.7304596900939941,9592,26.697857067123888,5.0,5.0
444,0.7362692356109619,9592,27.08662852295929,5.0,5.0
450,0.7466151714324951,9592,13.86835380375516,5.0,5.0
452,0.7485775947570801,9592,21.094683043004128,5.0,5.0
456,0.7555301189422607,9592,20.800477718018115,5.0,5.0
460,0.7621688842773438,9592,10.649844591625277,5.0,5.0
470,0.7759523391723633,9592,14.362176344729715,5.0,5.0
473,0.7797296047210693,9592,17.353434288501614,5.0,5.0
475,0.7821254730224609,9592,23.88274743080129,5.0,5.0
478,0.7856578826904297,9592,25.28495835571283,5.0,5.0
480,0.7901921272277832,9592,30.227966684570266,5.0,5.0
484,0.7939863204956055,9592,25.47671894249998,5.0,5.0
486,0.7965500354766846,9592,26.30510012319999,5.0,5.0
488,0.8039469718933105,9592,26.835264078847995,5.0,5.0
490,0.8070247173309326,9592,21.4682112630784,5.0,5.0
493,0.8176798820495605,9592,27.17456901046272,5.0,5.0
494,0.8190405368804932,9592,31.739655208370177,5.0,5.0
497,0.8244295120239258,9592,30.313379333356917,5.0,5.0
500,0.830923318862915,9592,29.40056277334843,5.0,5.0
507,0.8464109897613525,9592,28.816360174942997,5.0,5.0
510,0.85011887550354,9592,24.753976409570814,5.0,5.0
511,0.8514378070831299,9592,29.803181127656654,5.0,5.0
512,0.8526628017425537,9592,33.842544902125326,5.0,5.0
517,0.8604846000671387,9592,31.65922873736021,5.0,5.0
518,0.8617796897888184,9592,35.327382989888164,5.0,5.0
520,0.8641829490661621,9592,32.60952511352843,5.0,5.0
527,0.8747656345367432,9592,20.685489189200997,5.0,5.0
528,0.8794713020324707,9592,26.5483913513608,5.0,5.0
530,0.8842620849609375,9592,21.23871308108864,5.0,5.0
538,0.897489070892334,9592,23.592776371896733,5.0,5.0
539,0.8986985683441162,9592,28.87422109751739,5.0,5.0
540,0.8999466896057129,9592,33.09937687801391,5.0,5.0
542,0.9023227691650391,9592,31.18360120192891,5.0,5.0
546,0.9093742370605469,9592,25.9660038153876,5.0,5.0
550,0.9134881496429443,9592,13.294593953478453,5.0,5.0
556,0.9225854873657227,9592,18.50854013022621,5.0,5.0
559,0.9262046813964844,9592,19.47637254667582,5.0,5.0
560,0.9274818897247314,9592,25.581098037340656,5.0,5.0
562,0.929837703704834,9592,26.371902743898023,5.0,5.0
568,0.9413371086120605,9592,20.801931363900632,5.0,5.0
569,0.9425475597381592,9592,26.641545091120506,5.0,5.0
570,0.9435980319976807,9592,26.641545091120506,5.0,5.0
580,0.9562301635742188,9592,18.72990149545837,5.0,5.0
583,0.9597265720367432,9592,19.58970956567469,5.0,5.0
588,0.9679319858551025,9592,20.029931297625442,5.0,5.0
590,0.9721903800964355,9592,16.023945038100354,5.0,5.0
594,0.9767780303955078,9592,10.255324824384228,5.0,14.0
600,0.9903004169464111,9592,8.204259859507383,5.0,8.96
602,0.9925651550292969,9592,8.204259859507383,5.0,15.7344
610,1.0059120655059814,9592,5.250726310084726,5.0,6.4448102400000025
617,1.0202994346618652,9592,14.0,5.0,5.0
619,1.0226619243621826,9592,18.96,5.0,5.0
620,1.0237846374511719,9592,15.168000000000001,5.0,5.0
623,1.027411937713623,9592,17.766016,5.0,5.0
624,1.0286996364593506,9592,24.212812800000002,5.0,5.0
625,1.029909372329712,9592,29.370250240000004,5.0,5.0
630,1.0381529331207275,9592,12.030054498304004,5.0,5.0
633,1.0484998226165771,9592,19.624043598643205,5.0,5.0
637,1.053056240081787,9592,20.047510322505325,5.0,5.0
638,1.0542967319488525,9592,26.03800825800426,5.0,5.0
639,1.0556037425994873,9592,30.83040660640341,5.0,5.0
640,1.05635404586792,9592,24.66432528512273,5.0,5.0
641,1.057671070098877,9592,29.731460228098186,5.0,5.0
642,1.058948040008545,9592,33.78516818247855,5.0,5.0
643,1.0602164268493652,9592,37.02813454598284,5.0,5.0
645,1.0626959800720215,9592,33.698006109429016,5.0,5.0
650,1.0686578750610352,9592,11.0421626419377,5.0,5.0
660,1.0848004817962646,9592,5.0,5.0,5.0
667,1.0997629165649414,9592,14.0,5.0,5.0
669,1.1047780513763428,9592,21.200000000000003,5.0,5.0
670,1.1059272289276123,9592,16.960000000000004,5.0,5.0
671,1.1072406768798828,9592,23.568000000000005,5.0,5.0
674,1.113377571105957,9592,28.854400000000005,5.0,5.0
675,1.1146535873413086,9592,33.08352000000001,5.0,5.0
680,1.127945899963379,9592,21.173452800000007,5.0,5.0
682,1.1304903030395508,9592,23.551009792000006,5.0,5.0
685,1.1361851692199707,9592,25.072646266880007,5.0,5.0
689,1.1437671184539795,9592,26.046493610803207,5.0,5.0
690,1.145113229751587,9592,30.837194888642568,5.0,5.0
691,1.1463615894317627,9592,34.669755910914056,5.0,5.0
694,1.1499793529510498,9592,27.750915026387997,5.0,5.0
696,1.1545054912567139,9592,32.2007320211104,5.0,5.0
700,1.1591026782989502,9592,13.18941983584682,5.0,5.0
701,1.1603710651397705,9592,20.551535868677455,5.0,5.0
707,1.176013708114624,9592,26.441228694941966,5.0,5.0
709,1.1780829429626465,9592,26.92238636476286,5.0,5.0
710,1.179175853729248,9592,21.537909091810292,5.0,5.0
714,1.1861457824707031,9592,23.784261818758587,5.0,5.0
716,1.1885905265808105,9592,25.221927564005497,5.0,5.0
717,1.1898057460784912,9592,30.177542051204398,5.0,5.0
718,1.191051721572876,9592,34.14203364096352,5.0,5.0
720,1.1932811737060547,9592,27.313626912770815,5.0,5.0
722,1.1953518390655518,9592,27.480721224173323,5.0,5.0
724,1.1977849006652832,9592,27.58766158347093,5.0,5.0
726,1.2000629901885986,9592,32.070129266776746,5.0,5.0
730,1.207111120223999,9592,25.6561034134214,5.0,5.0
732,1.2096192836761475,9592,26.419906184589696,5.0,5.0
739,1.222501516342163,9592,20.82159357320794,5.0,5.0
740,1.2236428260803223,9592,16.657274858566353,5.0,5.0
743,1.2319180965423584,9592,23.325819886853083,5.0,5.0
746,1.2378530502319336,9592,24.928524727585973,5.0,5.0
747,1.2391486167907715,9592,29.94281978206878,5.0,5.0
750,1.245053768157959,9592,29.16340466052402,5.0,5.0
753,1.248420238494873,9592,24.931663186188302,5.0,5.0
759,1.2599003314971924,9592,20.21200924106273,5.0,5.0
760,1.2611682415008545,9592,26.169607392850185,5.0,5.0
764,1.2727365493774414,9592,23.398838985139296,5.0,5.0
765,1.2740395069122314,9592,28.71907118811144,5.0,5.0
769,1.2787055969238281,9592,28.380205560391325,5.0,5.0
770,1.2798187732696533,9592,22.704164448313062,5.0,5.0
772,1.284583568572998,9592,28.16333155865045,5.0,5.0
773,1.285947561264038,9592,32.530665246920364,5.0,5.0
775,1.2879576683044434,9592,30.819625758029034,5.0,5.0
777,1.290334701538086,9592,29.724560485138582,5.0,5.0
778,1.2917470932006836,9592,33.77964838811087,5.0,5.0
780,1.2939786911010742,9592,21.61897496839096,5.0,5.0
783,1.2996537685394287,9592,23.836143979770213,5.0,5.0
786,1.3029136657714844,9592,22.20410571764235,5.0,5.0
790,1.3097753524780273,9592,14.210627659291104,5.0,5.0
799,1.3217487335205078,9592,14.0,5.0,5.0
800,1.3230156898498535,9592,11.200000000000001,5.0,5.0
805,1.3289709091186523,9592,14.587520000000001,5.0,5.0
808,1.3346226215362549,9592,19.336012800000002,5.0,5.0
810,1.3370003700256348,9592,22.375048192,5.0,5.0
814,1.3416504859924316,9592,21.456024674304004,5.0,5.0
815,1.3429396152496338,9592,27.164819739443203,5.0,5.0
818,1.348924160003662,9592,27.385484633243653,5.0,5.0
819,1.350184679031372,9592,31.908387706594922,5.0,5.0
820,1.353785514831543,9592,31.908387706594922,5.0,5.0
824,1.3585083484649658,9592,26.3370945057766,5.0,5.0
825,1.3596282005310059,9592,26.3370945057766,5.0,14.0
826,1.360919713973999,9592,31.06967560462128,5.0,14.0
828,1.363283395767212,9592,29.88459238695762,5.0,14.0
829,1.3645861148834229,9592,33.9076739095661,5.0,14.0
830,1.3656458854675293,9592,33.9076739095661,5.0,11.200000000000001
831,1.3668806552886963,9592,37.12613912765288,5.0,11.200000000000001
832,1.3681223392486572,9592,39.70091130212231,5.0,11.200000000000001
836,1.3728432655334473,9592,26.261493269349298,5.0,11.200000000000001
838,1.3773839473724365,9592,31.00919461547944,5.0,11.200000000000001
839,1.3785793781280518,9592,34.80735569238355,5.0,11.200000000000001
840,1.379671335220337,9592,27.845884553906842,5.0,11.200000000000001
847,1.3968706130981445,9592,24.25709289160031,5.0,7.168000000000001
850,1.3999829292297363,9592,25.524539450624196,5.0,5.734400000000001
854,1.4068617820739746,9592,26.33570524839949,5.0,5.0
860,1.4147555828094482,9592,16.90374711663644,5.0,5.0
862,1.4168384075164795,9592,20.81839815464732,5.0,5.0
863,1.418130874633789,9592,26.654718523717857,5.0,5.0
870,1.4283900260925293,9592,8.73421816585187,5.0,5.0
873,1.4339063167572021,9592,15.589899626145197,5.0,5.0
878,1.441983699798584,9592,16.385622886869072,5.0,5.0
880,1.4468181133270264,9592,13.108498309495259,5.0,5.0
883,1.4528758525848389,9592,18.38943891807697,5.0,5.0
889,1.4620394706726074,9592,19.41539272605541,5.0,5.0
890,1.4631621837615967,9592,15.532314180844327,5.0,5.0
900,1.4759020805358887,9592,6.362035888473838,5.0,5.0
902,1.4779987335205078,9592,15.08962871077907,5.0,5.0
903,1.4792897701263428,9592,22.071702968623256,5.0,5.0
905,1.4843792915344238,9592,27.657362374898607,5.0,5.0
906,1.4856481552124023,9592,32.12588989991889,5.0,5.0
910,1.4903762340545654,9592,26.448455628758474,5.0,5.0
912,1.4928359985351562,9592,26.927011602405425,5.0,5.0
914,1.4953601360321045,9592,27.233287425539473,5.0,5.0
920,1.501988172531128,9592,11.15475452950097,5.0,5.0
924,1.5061843395233154,9592,15.711234319104499,5.0,5.0
928,1.5107510089874268,9592,16.435321577105203,5.0,5.0
930,1.514824628829956,9592,13.148257261684163,5.0,5.0
933,1.5183701515197754,9592,18.414884647477866,5.0,5.0
934,1.5196032524108887,9592,24.731907717982295,5.0,5.0
935,1.5208394527435303,9592,29.785526174385836,5.0,5.0
940,1.5315089225769043,9592,25.250189401285553,5.0,5.0
941,1.5327847003936768,9592,30.200151521028445,5.0,5.0
943,1.5352270603179932,9592,29.32809697345821,5.0,5.0
946,1.5414254665374756,9592,28.769982063013256,5.0,5.0
947,1.5427250862121582,9592,33.015985650410606,5.0,5.0
949,1.545135498046875,9592,31.13023081626279,5.0,5.0
950,1.5464324951171875,9592,34.90418465301023,5.0,5.0
955,1.5520355701446533,9592,21.437403227098397,5.0,5.0
956,1.5532855987548828,9592,27.14992258167872,5.0,5.0
960,1.56009840965271,9592,13.900760361819506,5.0,5.0
961,1.5613718032836914,9592,21.120608289455603,5.0,5.0
969,1.5742526054382324,9592,18.651001155361016,5.0,5.0
970,1.575763463973999,9592,24.920800924288812,5.0,5.0
979,1.5848641395568848,9592,16.532838437496768,5.0,5.0
980,1.5859897136688232,9592,13.226270749997415,5.0,5.0
981,1.5872745513916016,9592,20.58101659999793,5.0,5.0
982,1.5885708332061768,9592,26.464813279998346,5.0,5.0
983,1.5898492336273193,9592,31.17185062399868,5.0,5.0
985,1.5921950340270996,9592,34.93748049919894,5.0,5.0
986,1.593430757522583,9592,37.94998439935915,5.0,5.0
988,1.5954835414886475,9592,34.287990015589855,5.0,5.0
990,1.5978951454162598,9592,21.94431360997751,5.0,5.0
991,1.599174976348877,9592,27.55545088798201,5.0,5.0
995,1.611799955368042,9592,32.044360710385604,5.0,5.0
999,1.618772268295288,9592,26.406712683717434,5.0,5.0
1000,1.6198976039886475,9592,21.12537014697395,5.0,5.0
1001,1.6212644577026367,9592,26.90029611757916,5.0,5.0
1002,1.6226236820220947,9592,31.52023689406333,5.0,5.0
1004,1.625098466873169,9592,30.172951612200535,5.0,5.0
1006,1.6275787353515625,9592,29.310689031808344,5.0,5.0
1009,1.6308341026306152,9592,28.758840980357345,5.0,5.0
1010,1.631847620010376,9592,28.758840980357345,5.0,5.0
1012,1.6343512535095215,9592,28.405658227428702,5.0,5.0
1014,1.6368794441223145,9592,28.17962126555437,5.0,5.0
1020,1.643286943435669,9592,11.542372870371072,5.0,5.0
1023,1.6468021869659424,9592,17.387118637037485,5.0,5.0
1025,1.6517448425292969,9592,23.90969490962999,5.0,5.0
1030,1.6625821590423584,9592,15.302204742163196,5.0,5.0
1032,1.6679039001464844,9592,22.241763793730556,5.0,5.0
1035,1.6715655326843262,9592,21.387783062390046,5.0,5.0
1039,1.685154676437378,9592,27.110226449912037,5.0,5.0
1040,1.6884369850158691,9592,27.110226449912037,5.0,5.0
1043,1.6919541358947754,9592,27.350544927943705,5.0,5.0
1045,1.6943004131317139,9592,31.880435942354964,5.0,5.0
1048,1.6980466842651367,9592,26.322783202485745,5.0,5.0
1050,1.700366497039795,9592,16.84658124959088,5.0,5.0
1057,1.7185328006744385,9592,20.781811999738167,5.0,5.0
1059,1.7211248874664307,9592,23.30035967983243,5.0,5.0
1060,1.7223453521728516,9592,18.640287743865944,5.0,5.0
1064,1.7270114421844482,9592,21.929784156074206,5.0,5.0
1067,1.732776165008545,9592,24.03506185988749,5.0,5.0
1070,1.738588571548462,9592,19.228049487909995,5.0,5.0
1077,1.7488107681274414,9592,17.875809070247936,5.0,5.0
1080,1.7543315887451172,9592,14.30064725619835,5.0,5.0
1083,1.7580199241638184,9592,17.321931395173557,5.0,5.0
1085,1.7604799270629883,9592,21.08603609291108,5.0,5.0
1086,1.7617743015289307,9592,26.868828874328866,5.0,5.0
1090,1.766000509262085,9592,23.75684038365638,5.0,5.0
1092,1.7686238288879395,9592,25.204377845540087,5.0,5.0
1095,1.7763004302978516,9592,22.904641456916526,5.0,5.0
1096,1.777900218963623,9592,28.32371316553322,5.0,5.0
1098,1.7827625274658203,9592,32.65897053242658,5.0,5.0
1099,1.7841174602508545,9592,36.127176425941265,5.0,5.0
1100,1.7852575778961182,9592,28.901741140753014,5.0,5.0
1101,1.7866692543029785,9592,33.12139291260242,5.0,5.0
1104,1.789912462234497,9592,26.95815317125244,5.0,5.0
1110,1.7990658283233643,9592,13.802574423681254,5.0,5.0
1111,1.8005404472351074,9592,21.042059538945004,5.0,5.0
1112,1.8019826412200928,9592,26.833647631156005,5.0,5.0
1113,1.8033502101898193,9592,31.466918104924805,5.0,5.0
1115,1.8057620525360107,9592,35.17353448393985,5.0,5.0
1116,1.8071165084838867,9592,38.13882758715188,5.0,5.0
1120,1.8116095066070557,9592,29.527079724621764,5.0,5.0
1122,1.814199447631836,9592,28.897331023757932,5.0,5.0
1126,1.8239283561706543,9592,28.494291855205077,5.0,5.0
1130,1.8288228511810303,9592,24.589077429865004,5.0,5.0
1131,1.8300752639770508,9592,29.671261943892006,5.0,5.0
1133,1.832594633102417,9592,28.989607644090885,5.0,5.0
1137,1.844102382659912,9592,24.842679113774537,5.0,5.0
1140,1.8480122089385986,9592,15.899314632815706,5.0,5.0
1141,1.849515438079834,9592,22.719451706252563,5.0,5.0
1146,1.8578236103057861,9592,21.632359273601313,5.0,5.0
1147,1.8591842651367188,9592,27.305887418881053,5.0,5.0
1150,1.862196445465088,9592,21.844709935104845,5.0,5.0
1154,1.8734385967254639,9592,23.9806143584671,5.0,5.0
1155,1.874955415725708,9592,29.18449148677368,5.0,5.0
1160,1.880638837814331,9592,11.953967712982502,5.0,5.0
1168,1.900888204574585,9592,14.0,5.0,5.0
1170,1.9066128730773926,9592,11.200000000000001,5.0,5.0
1171,1.9080147743225098,9592,18.96,5.0,5.0
1173,1.9130921363830566,9592,25.168,5.0,5.0
1177,1.9181733131408691,9592,20.308812800000002,5.0,5.0
1179,1.9231977462768555,9592,26.247050240000004,5.0,5.0
1180,1.9243927001953125,9592,20.997640192000006,5.0,5.0
1187,1.937687873840332,9592,20.750791778304006,5.0,5.0
1188,1.938993215560913,9592,26.600633422643206,5.0,5.0
1189,1.9402596950531006,9592,31.280506738114568,5.0,5.0
1190,1.9415559768676758,9592,35.02440539049165,5.0,5.0
1200,1.955514907836914,9592,7.345150181348036,5.0,5.0
1210,1.9747591018676758,9592,5.0,5.0,5.0
1220,1.9960870742797852,9592,5.0,5.0,5.0
1228,2.019571304321289,9592,14.0,5.0,5.0
1230,2.0237040519714355,9592,14.0,5.0,5.0
1233,2.027369976043701,9592,21.200000000000003,5.0,5.0
1237,2.034559726715088,9592,20.854400000000005,5.0,5.0
1238,2.035858392715454,9592,26.683520000000005,5.0,5.0
1239,2.037130355834961,9592,31.346816000000004,5.0,5.0
1240,2.038391590118408,9592,35.0774528,5.0,5.0
1241,2.039646863937378,9592,38.06196224,5.0,5.0
1242,2.04085636138916,9592,40.449569792000005,5.0,5.0
1248,2.0475947856903076,9592,23.254515029442565,5.0,5.0
1250,2.0500247478485107,9592,24.882889618843244,5.0,5.0
1252,2.0524983406066895,9592,25.925049356059677,5.0,5.0
1254,2.0549824237823486,9592,30.740039484847742,5.0,5.0
1255,2.0562822818756104,9592,34.592031587878196,5.0,5.0
1258,2.0598654747009277,9592,27.711120172993642,5.0,5.0
1260,2.0638866424560547,9592,22.168896138394913,5.0,5.0
1261,2.0652239322662354,9592,27.73511691071593,5.0,5.0
1270,2.078218698501587,9592,7.270594487442719,5.0,5.0
1271,2.0795702934265137,9592,15.816475589954177,5.0,5.0
1280,2.094189167022705,9592,6.478428401645232,5.0,5.0
1287,2.1093032360076904,9592,14.0,5.0,5.0
1290,2.1148624420166016,9592,14.0,5.0,5.0
1293,2.120931386947632,9592,18.96,5.0,5.0
1298,2.1297237873077393,9592,22.1344,5.0,5.0
1299,2.1310551166534424,9592,27.70752,5.0,5.0
1300,2.1323251724243164,9592,32.166016,5.0,5.0
1305,2.1402316093444824,9592,23.175200153600002,5.0,5.0
1310,2.147477149963379,9592,19.492561982914566,5.0,5.0
1313,2.1532320976257324,9592,22.475239669065324,5.0,5.0
1316,2.1569299697875977,9592,21.507322710561446,5.0,5.0
1318,2.1593308448791504,9592,23.764686534759328,5.0,5.0
1319,2.1606287956237793,9592,29.011749227807464,5.0,5.0
1320,2.161876916885376,9592,33.20939938224598,5.0,5.0
1321,2.1631264686584473,9592,36.56751950579678,5.0,5.0
1322,2.1644108295440674,9592,39.25401560463743,5.0,5.0
1323,2.1657543182373047,9592,41.40321248370995,5.0,5.0
1325,2.1707403659820557,9592,43.12256998696796,5.0,5.0
1327,2.173196315765381,9592,37.598444791659496,5.0,5.0
1328,2.174520969390869,9592,40.0787558333276,5.0,5.0
1329,2.175832509994507,9592,42.06300466666208,5.0,5.0
1330,2.177088499069214,9592,43.65040373332967,5.0,5.0
1336,2.1866846084594727,9592,27.879205369171835,5.0,5.0
1340,2.1931936740875244,9592,17.842691436269977,5.0,5.0
1348,2.212883472442627,9592,17.308366412296184,5.0,5.0
1350,2.215212106704712,9592,11.077354503869559,5.0,5.0
1351,2.2164878845214844,9592,18.86188360309565,5.0,5.0
1354,2.2201108932495117,9592,19.657284404784974,5.0,5.0
1360,2.229279041290283,9592,12.580662019062386,5.0,5.0
1364,2.2362117767333984,9592,16.441298953759944,5.0,5.0
1365,2.237473249435425,9592,23.153039163007954,5.0,5.0
1367,2.2424166202545166,9592,28.522431330406363,5.0,5.0
1368,2.2437617778778076,9592,32.81794506432509,5.0,5.0
1370,2.2458605766296387,9592,31.00348484116806,5.0,5.0
1373,2.2519452571868896,9592,29.84223029834756,5.0,5.0
1376,2.255258798599243,9592,25.279221912753954,5.0,5.0
1377,2.2565300464630127,9592,30.223377530203166,5.0,5.0
1379,2.258981704711914,9592,29.342961619330026,5.0,5.0
1380,2.2602386474609375,9592,33.47436929546402,5.0,5.0
1383,2.263767957687378,9592,31.42359634909698,5.0,5.0
1387,2.274169683456421,9592,30.11110166342207,5.0,5.0
1388,2.2756919860839844,9592,34.08888133073766,5.0,5.0
1390,2.277789831161499,9592,34.08888133073766,5.0,5.0
1392,2.28019380569458,9592,37.27110506459013,5.0,5.0
1393,2.2815823554992676,9592,39.816884051672105,5.0,5.0
1395,2.284003257751465,9592,35.48280579307015,5.0,5.0
1399,2.2905914783477783,9592,28.167196566051917,5.0,5.0
1400,2.2913873195648193,9592,22.533757252841536,5.0,5.0
1401,2.2927398681640625,9592,28.02700580227323,5.0,5.0
1402,2.2940480709075928,9592,32.42160464181859,5.0,5.0
1404,2.296487331390381,9592,35.937283713454875,5.0,5.0
1405,2.297792673110962,9592,38.749826970763905,5.0,5.0
1410,2.3073458671569824,9592,15.871929127224897,5.0,5.0
1416,2.321148157119751,9592,18.12642771313915,5.0,5.0
1417,2.3224472999572754,9592,24.501142170511322,5.0,5.0
1419,2.32716703414917,9592,29.60091373640906,5.0,5.0
1420,2.3283333778381348,9592,23.680730989127248,5.0,5.0
1423,2.3320391178131104,9592,22.12453426643315,5.0,5.0
1426,2.335527181625366,9592,27.699627413146523,5.0,5.0
1427,2.3368589878082275,9592,32.159701930517215,5.0,5.0
1430,2.3431577682495117,9592,35.727761544413774,5.0,5.0
1431,2.3444344997406006,9592,38.582209235531025,5.0,5.0
1434,2.348125696182251,9592,29.754091128591888,5.0,5.0
1436,2.3501057624816895,9592,33.803272902873516,5.0,5.0
1438,2.3526451587677,9592,31.634094657839054,5.0,5.0
1440,2.355025291442871,9592,20.245820581016996,5.0,5.0
1444,2.3621370792388916,9592,22.957325171850876,5.0,5.0
1449,2.3732149600982666,9592,24.692688109984562,5.0,5.0
1450,2.3743796348571777,9592,19.75415048798765,5.0,5.0
1456,2.3857791423797607,9592,20.11412504984968,5.0,5.0
1460,2.3905599117279053,9592,8.238745620418431,5.0,5.0
1462,2.395611524581909,9592,16.590996496334746,5.0,5.0
1465,2.403773307800293,9592,23.272797197067796,5.0,5.0
1468,2.4094529151916504,9592,24.89459020612339,5.0,5.0
1469,2.410773754119873,9592,29.915672164898712,5.0,5.0
1470,2.4119277000427246,9592,23.93253773191897,5.0,5.0
1472,2.418593406677246,9592,29.146030185535178,5.0,5.0
1473,2.419909954071045,9592,33.31682414842814,5.0,5.0
1477,2.427389621734619,9592,27.05821396399521,5.0,5.0
1480,2.431102752685547,9592,23.85380554956555,5.0,5.0
1483,2.43475604057312,9592,25.266435551721955,5.0,5.0
1489,2.4457030296325684,9592,26.170518753102055,5.0,5.0
1490,2.4468793869018555,9592,20.936415002481645,5.0,5.0
1492,2.451887845993042,9592,26.749132001985316,5.0,5.0
1493,2.4532206058502197,9592,31.399305601588253,5.0,5.0
1499,2.4600589275360107,9592,20.288924459528445,5.0,5.0
1500,2.4612324237823486,9592,16.23113956762276,5.0,5.0
1506,2.4731762409210205,9592,16.648274766898282,5.0,5.0
1510,2.4807333946228027,9592,18.523916680651922,5.0,5.0
1514,2.488112449645996,9592,19.484245340493786,5.0,5.0
1516,2.4928336143493652,9592,25.58739627239503,5.0,5.0
1520,2.4994876384735107,9592,13.100746891466256,5.0,5.0
1522,2.5019590854644775,9592,20.480597513173006,5.0,5.0
1523,2.503291368484497,9592,26.384478010538405,5.0,5.0
1527,2.5099616050720215,9592,26.886065926744582,5.0,5.0
1528,2.511286497116089,9592,31.508852741395668,5.0,5.0
1530,2.515937089920044,9592,25.207082193116534,5.0,5.0
1533,2.5197150707244873,9592,26.132532603594584,5.0,5.0
1540,2.5351216793060303,9592,16.724820866300536,5.0,5.0
1541,2.536557197570801,9592,23.37985669304043,5.0,5.0
1543,2.539060354232788,9592,24.96310828354588,5.0,5.0
1550,2.5523459911346436,9592,8.179911322352314,5.0,5.0
1556,2.564483642578125,9592,15.235143246305482,5.0,5.0
1558,2.5670053958892822,9592,19.75049167763551,5.0,5.0
1559,2.570265769958496,9592,25.800393342108407,5.0,5.0
1560,2.571845054626465,9592,20.640314673686728,5.0,5.0
1565,2.5804779529571533,9592,20.56784111292761,5.0,5.0
1570,2.590477228164673,9592,10.530734649818939,5.0,5.0
1580,2.608409881591797,9592,5.0,5.0,5.0
1583,2.6143641471862793,9592,14.0,5.0,5.0
1584,2.615678548812866,9592,21.200000000000003,5.0,5.0
1585,2.61690092086792,9592,26.960000000000004,5.0,5.0
1589,2.621249198913574,9592,23.803520000000006,5.0,5.0
1590,2.622483015060425,9592,29.042816000000006,5.0,5.0
1592,2.624882936477661,9592,28.587402240000007,5.0,5.0
1598,2.63206148147583,9592,24.636749946880006,5.0,5.0
1599,2.6333975791931152,9592,29.709399957504004,5.0,5.0
1600,2.6345088481903076,9592,23.767519966003206,5.0,5.0
1602,2.6370174884796143,9592,25.21121277824205,5.0,5.0
1604,2.639521598815918,9592,26.135176178074914,5.0,5.0
1610,2.6479766368865967,9592,13.38121020317436,5.0,5.0
1611,2.6493077278137207,9592,20.704968162539487,5.0,5.0
1612,2.6506190299987793,9592,26.56397453003159,5.0,5.0
1613,2.6518666744232178,9592,31.251179624025273,5.0,5.0
1615,2.6543307304382324,9592,30.000754959376177,5.0,5.0
1619,2.6593828201293945,9592,22.288309231360486,5.0,5.0
1620,2.660644769668579,9592,27.83064738508839,5.0,5.0
1622,2.663045883178711,9592,32.264517908070715,5.0,5.0
1624,2.665010929107666,9592,35.81161432645658,5.0,5.0
1627,2.6686229705810547,9592,28.33554653514577,5.0,5.0
1628,2.6698930263519287,9592,32.668437228116616,5.0,5.0
1629,2.6711130142211914,9592,36.134749782493294,5.0,5.0
1630,2.672323226928711,9592,38.90779982599464,5.0,5.0
1636,2.685176134109497,9592,22.749307846981925,5.0,5.0
1640,2.6925058364868164,9592,14.559557022068432,5.0,5.0
1644,2.6973867416381836,9592,17.454493195299037,5.0,5.0
1650,2.7068347930908203,9592,7.149360412794486,5.0,5.0
1653,2.7097907066345215,9592,15.719488330235588,5.0,5.0
1660,2.722615957260132,9592,16.438702420064498,5.0,5.0
1664,2.727062702178955,9592,18.416615639073022,5.0,5.0
1666,2.729522228240967,9592,21.786634009006736,5.0,5.0
1670,2.7414393424987793,9592,17.42930720720539,5.0,5.0
1671,2.7428431510925293,9592,23.943445765764313,5.0,5.0
1674,2.7461628913879395,9592,22.259044232071332,5.0,5.0
1676,2.748328685760498,9592,24.245788308525654,5.0,5.0
1679,2.7519640922546387,9592,22.41384361396514,5.0,5.0
1680,2.753398895263672,9592,27.931074891172113,5.0,5.0
1681,2.7546908855438232,9592,32.34485991293769,5.0,5.0
1683,2.7596828937530518,9592,35.87588793035016,5.0,5.0
1688,2.7682275772094727,9592,28.368454620339286,5.0,5.0
1690,2.7704715728759766,9592,18.155810957017145,5.0,5.0
1692,2.7752773761749268,9592,24.52464876561372,5.0,5.0
1696,2.786285877227783,9592,22.556620167994225,5.0,5.0
1700,2.7934281826019287,9592,21.548989526013045,5.0,5.0
1702,2.7983672618865967,9592,27.239191620810438,5.0,5.0
1703,2.7997469902038574,9592,31.791353296648353,5.0,5.0
1710,2.8107407093048096,9592,13.02173831030717,5.0,5.0
1711,2.8121097087860107,9592,20.417390648245735,5.0,5.0
1717,2.8221559524536133,9592,20.45370401190182,5.0,5.0
1720,2.8307032585144043,9592,16.362963209521457,5.0,5.0
1721,2.8320772647857666,9592,23.090370567617164,5.0,5.0
1729,2.8473598957061768,9592,19.457815784495992,5.0,5.0
1730,2.8514885902404785,9592,19.457815784495992,5.0,5.0
1732,2.8565549850463867,9592,25.566252627596796,5.0,5.0
1740,2.8655834197998047,9592,8.37754966101092,5.0,5.0
1741,2.8705692291259766,9592,16.702039728808735,5.0,5.0
1744,2.8787007331848145,9592,23.361631783046988,5.0,5.0
1746,2.8839666843414307,9592,28.689305426437592,5.0,5.0
1750,2.888369083404541,9592,24.688924378336047,5.0,5.0
1755,2.8949172496795654,9592,20.112583425366445,5.0,5.0
1758,2.9013218879699707,9592,26.090066740293157,5.0,5.0
1760,2.903811454772949,9592,26.697642713787623,5.0,5.0
1762,2.9064531326293945,9592,27.08649133682408,5.0,5.0
1770,2.918529987335205,9592,18.875701481250516,5.0,5.0
1771,2.919862985610962,9592,25.100561185000416,5.0,5.0
1778,2.936033248901367,9592,18.22495188910094,5.0,5.0
1780,2.94134259223938,9592,18.22495188910094,5.0,5.0
1781,2.9428048133850098,9592,24.57996151128075,5.0,5.0
1786,2.951810121536255,9592,22.584940293775745,5.0,5.0
1788,2.954305648803711,9592,24.454361788016477,5.0,5.0
1790,2.956712245941162,9592,15.650791544330549,5.0,5.0
1791,2.9580607414245605,9592,22.520633235464437,5.0,5.0
1794,2.961574077606201,9592,28.016506588371552,5.0,5.0
1796,2.9639503955841064,9592,32.41320527069725,5.0,5.0
1800,2.9707863330841064,9592,16.595561098596992,5.0,5.0
1803,2.974569797515869,9592,20.621159103102077,5.0,5.0
1805,2.976733446121216,9592,23.19754182598533,5.0,5.0
1808,2.983048677444458,9592,24.84642676863061,5.0,5.0
1810,2.9887325763702393,9592,29.87714141490449,5.0,5.0
1814,2.9960222244262695,9592,29.121370505538874,5.0,5.0
1817,3.0022408962249756,9592,28.637677123544883,5.0,5.0
1820,3.008322238922119,9592,18.328113359068727,5.0,5.0
1825,3.0144760608673096,9592,19.383994039843188,5.0,5.0
1830,3.022768974304199,9592,9.924604948399713,5.0,5.0
1833,3.026461124420166,9592,17.93968395871977,5.0,5.0
1840,3.040781259536743,9592,7.348094549491619,5.0,5.0
1850,3.0676472187042236,9592,5.8784756395932956,5.0,5.0
1851,3.0689313411712646,9592,14.702780511674636,5.0,5.0
1858,3.079580068588257,9592,14.817807118065545,5.0,5.0
1859,3.080826759338379,9592,21.854245694452437,5.0,5.0
1860,3.084092378616333,9592,21.854245694452437,5.0,5.0
1864,3.091191291809082,9592,23.986717244449558,5.0,5.0
1865,3.0926403999328613,9592,29.189373795559646,5.0,5.0
1867,3.0950582027435303,9592,33.35149903644772,5.0,5.0
1870,3.098695755004883,9592,27.075967506661236,5.0,5.0
1871,3.099952459335327,9592,31.66077400532899,5.0,5.0
1877,3.1093690395355225,9592,22.968253032582755,5.0,5.0
1878,3.1106386184692383,9592,28.374602426066204,5.0,5.0
1879,3.1118996143341064,9592,32.69968194085297,5.0,5.0
1880,3.1130340099334717,9592,26.159745552682377,5.0,5.0
1882,3.117732048034668,9592,30.927796442145905,5.0,5.0
1890,3.131044864654541,9592,12.668025422702966,5.0,5.0
1891,3.1323671340942383,9592,20.13442033816237,5.0,5.0
1894,3.1381406784057617,9592,22.88602901642392,5.0,5.0
1900,3.144043445587158,9592,11.717646856409047,5.0,5.0
1905,3.149770498275757,9592,15.999435190481432,5.0,5.0
1907,3.154323101043701,9592,22.799548152385146,5.0,5.0
1910,3.1578469276428223,9592,21.673368654021196,5.0,5.0
1914,3.1623520851135254,9592,27.33869492321696,5.0,5.0
1915,3.163691759109497,9592,31.87095593857357,5.0,5.0
1916,3.164909839630127,9592,35.49676475085886,5.0,5.0
1920,3.1718525886535645,9592,18.174343552439737,5.0,5.0
1921,3.173135280609131,9592,24.53947484195179,5.0,5.0
1929,3.184298038482666,9592,18.041095116210766,5.0,5.0
1930,3.187636613845825,9592,18.041095116210766,5.0,5.0
1935,3.1953227519989014,9592,19.237040699499914,5.0,5.0
1937,3.1998555660247803,9592,25.38963255959993,5.0,5.0
1939,3.2022414207458496,9592,26.249364838143958,5.0,5.0
1940,3.203425645828247,9592,20.99949187051517,5.0,5.0
1947,3.2181830406188965,9592,20.751739837703767,5.0,5.0
1950,3.221175193786621,9592,16.601391870163013,5.0,5.0
1952,3.2235448360443115,9592,23.28111349613041,5.0,5.0
1956,3.2301554679870605,9592,21.919930110018772,5.0,5.0
1960,3.234644651412964,9592,14.028755270412015,5.0,5.0
1963,3.238166093826294,9592,18.978403373063692,5.0,5.0
1966,3.243645191192627,9592,22.146178158760762,5.0,5.0
1967,3.244877576828003,9592,27.71694252700861,5.0,5.0
1968,3.246119499206543,9592,32.17355402160689,5.0,5.0
1970,3.2506349086761475,9592,25.738843217285513,5.0,5.0
1980,3.2686049938201904,9592,18.43410414544012,5.0,5.0
1990,3.279426336288452,9592,5.0,5.0,5.0
1997,3.291966676712036,9592,14.0,5.0,5.0
1999,3.2965755462646484,9592,21.200000000000003,5.0,5.0
2000,3.297773838043213,9592,16.960000000000004,5.0,5.0
2004,3.3052005767822266,9592,20.854400000000005,5.0,5.0
2005,3.30657696723938,9592,26.683520000000005,5.0,5.0
2007,3.3090245723724365,9592,27.077452800000003,5.0,5.0
2008,3.3103654384613037,9592,31.661962240000005,5.0,5.0
2010,3.3152737617492676,9592,25.329569792000004,5.0,5.0
2011,3.3167014122009277,9592,30.263655833600005,5.0,5.0
2013,3.319153070449829,9592,29.368739733504004,5.0,5.0
2015,3.3217458724975586,9592,28.795993429442564,5.0,5.0
2018,3.3253581523895264,9592,28.429435794843243,5.0,5.0
2020,3.3323991298675537,9592,22.743548635874596,5.0,5.0
2030,3.3558273315429688,9592,9.315757521254236,5.0,5.0
2032,3.3584065437316895,9592,15.962084813602711,5.0,5.0
2036,3.365953207015991,9592,18.17258742456459,5.0,5.0
2037,3.3673088550567627,9592,24.53806993965167,5.0,5.0
2038,3.3686304092407227,9592,29.630455951721338,5.0,5.0
2040,3.3710083961486816,9592,18.963491809101658,5.0,5.0
2041,3.3724470138549805,9592,25.170793447281326,5.0,5.0
2046,3.383023738861084,9592,22.887446245008043,5.0,5.0
2049,3.3867056369781494,9592,21.71837247744412,5.0,5.0
2050,3.3878326416015625,9592,17.374697981955297,5.0,5.0
2054,3.3924100399017334,9592,17.11667629340889,5.0,5.0
2058,3.3996458053588867,9592,20.954672827781692,5.0,5.0
2059,3.4009830951690674,9592,26.763738262225356,5.0,5.0
2060,3.404088020324707,9592,26.763738262225356,5.0,5.0
2065,3.4102275371551514,9592,20.962427192207507,5.0,5.0
2067,3.4128191471099854,9592,23.415953403012807,5.0,5.0
2068,3.4140918254852295,9592,28.732762722410246,5.0,5.0
2069,3.4156312942504883,9592,32.9862101779282,5.0,5.0
2070,3.42052960395813,9592,32.9862101779282,5.0,5.0
2071,3.4219720363616943,9592,36.38896814234256,5.0,5.0
2080,3.443720579147339,9592,11.923937080882816,5.0,5.0
2082,3.4461166858673096,9592,17.631319731765004,5.0,5.0
2083,3.447500705718994,9592,24.105055785412006,5.0,5.0
2086,3.451296806335449,9592,22.34178856213095,5.0,5.0
2088,3.455824375152588,9592,27.87343084970476,5.0,5.0
2090,3.4581856727600098,9592,22.29874467976381,5.0,5.0
2100,3.475376605987549,9592,7.306852656665008,5.0,5.0
2103,3.4818196296691895,9592,15.845482125332007,5.0,5.0
2110,3.4894893169403076,9592,16.49030947853599,5.0,5.0
2113,3.493210792541504,9592,18.44303845301043,5.0,5.0
2114,3.4944920539855957,9592,24.754430762408347,5.0,5.0
2116,3.4970719814300537,9592,25.842835687941346,5.0,5.0
2118,3.499566078186035,9592,26.53941484028246,5.0,5.0
2120,3.502002477645874,9592,31.231531872225972,5.0,5.0
2123,3.5050137042999268,9592,34.985225497780775,5.0,5.0
2129,3.5145955085754395,9592,21.463958691112808,5.0,5.0
2130,3.5153675079345703,9592,17.171166952890246,5.0,5.0
2134,3.5201668739318848,9592,18.79163747987981,5.0,5.0
2140,3.5291202068328857,9592,12.026647987123079,5.0,5.0
2142,3.5316436290740967,9592,17.69705471175877,5.0,5.0
2146,3.5386977195739746,9592,21.326115015525616,5.0,5.0
2150,3.5452184677124023,9592,13.648713609936394,5.0,5.0
2159,3.5577807426452637,9592,14.47241047570396,5.0,5.0
2160,3.55891752243042,9592,11.577928380563169,5.0,5.0
2162,3.5614333152770996,9592,19.262342704450536,5.0,5.0
2165,3.5675840377807617,9592,25.40987416356043,5.0,5.0
2166,3.5688533782958984,9592,30.327899330848346,5.0,5.0
2170,3.5757381916046143,9592,15.527884457394357,5.0,5.0
2172,3.578211784362793,9592,19.93784605273239,5.0,5.0
2178,3.5893654823303223,9592,18.16654174319919,5.0,5.0
2180,3.59177303314209,9592,11.626586715647484,5.0,5.0
2181,3.5931050777435303,9592,19.301269372517986,5.0,5.0
2182,3.5945379734039307,9592,25.441015498014387,5.0,5.0
2190,3.605320692062378,9592,10.420639947986695,5.0,5.0
2197,3.6152143478393555,9592,15.33536765336919,5.0,5.0
2198,3.616515874862671,9592,22.26829412269535,5.0,5.0
2199,3.617799758911133,9592,27.814635298156283,5.0,5.0
2200,3.6205854415893555,9592,27.814635298156283,5.0,5.0
2203,3.624422788619995,9592,24.241093272656016,5.0,5.0
2204,3.6257495880126953,9592,29.392874618124814,5.0,5.0
2206,3.6281938552856445,9592,28.811439755599885,5.0,5.0
2207,3.6294310092926025,9592,33.049151804479905,5.0,5.0
2209,3.6340224742889404,9592,36.43932144358392,5.0,5.0
2210,3.634784698486328,9592,29.15145715486714,5.0,5.0
2211,3.636129140853882,9592,33.321165723893714,5.0,5.0
2212,3.6373775005340576,9592,36.65693257911497,5.0,5.0
2213,3.63864803314209,9592,39.32554606329198,5.0,5.0
2214,3.6399052143096924,9592,41.460436850633585,5.0,5.0
2215,3.6411445140838623,9592,43.16834948050687,5.0,5.0
2220,3.648425340652466,9592,27.6277436675244,5.0,5.0
2230,3.6668860912323,9592,9.053059044974397,5.0,5.0
2232,3.6716949939727783,9592,17.24244723597952,5.0,5.0
2239,3.6817359924316406,9592,15.650005110285768,5.0,5.0
2240,3.6852355003356934,9592,15.650005110285768,5.0,5.0
2250,3.6986355781555176,9592,16.410242093173053,5.0,5.0
2251,3.6998589038848877,9592,23.128193674538444,5.0,5.0
2256,3.705263137817383,9592,21.841635161363683,5.0,5.0
2259,3.708359718322754,9592,23.97864650327276,5.0,5.0
2260,3.709638833999634,9592,29.18291720261821,5.0,5.0
2263,3.7132344245910645,9592,24.941653607740527,5.0,5.0
2264,3.7145402431488037,9592,29.953322886192424,5.0,5.0
2266,3.7170703411102295,9592,29.170126647163155,5.0,5.0
2268,3.7195231914520264,9592,28.66888105418442,5.0,5.0
2270,3.721393346786499,9592,18.348083874678032,5.0,5.0
2273,3.72493314743042,9592,21.74277367979394,5.0,5.0
2276,3.73066782951355,9592,27.394218943835153,5.0,5.0
2278,3.7331063747406006,9592,27.532300124054498,5.0,5.0
2280,3.7354519367218018,9592,22.0258400992436,5.0,5.0
2284,3.7422022819519043,9592,21.277230130812725,5.0,5.0
2290,3.749183177947998,9592,10.893941826976118,5.0,5.0
2295,3.759784698486328,9592,15.577698215411774,5.0,5.0
2297,3.7644617557525635,9592,22.46215857232942,5.0,5.0
2300,3.771806240081787,9592,17.969726857863538,5.0,5.0
2302,3.7764837741851807,9592,24.375781486290833,5.0,5.0
2304,3.7812066078186035,9592,29.500625189032668,5.0,5.0
2308,3.787850856781006,9592,25.104320096784726,5.0,5.0
2310,3.790163516998291,9592,20.083456077427783,5.0,5.0
2312,3.7927186489105225,9592,22.853411889553783,5.0,5.0
2316,3.8002822399139404,9592,21.700946887451536,5.0,5.0
2317,3.8015763759613037,9592,27.36075750996123,5.0,5.0
2318,3.8028478622436523,9592,31.888606007968985,5.0,5.0
2320,3.8078370094299316,9592,25.510884806375188,5.0,5.0
2324,3.8126494884490967,9592,20.44925841669128,5.0,5.0
2327,3.8162808418273926,9592,20.470020309345934,5.0,5.0
2330,3.821805715560913,9592,13.1008129979814,5.0,5.0
2335,3.8304765224456787,9592,15.366093003973184,5.0,5.0
2340,3.8461668491363525,9592,12.292874403178548,5.0,5.0
2346,3.8557448387145996,9592,17.867439618034272,5.0,5.0
2350,3.8644697666168213,9592,14.293951694427419,5.0,5.0
2351,3.8658828735351562,9592,21.435161355541936,5.0,5.0
2354,3.8719570636749268,9592,27.14812908443355,5.0,5.0
2360,3.8855857849121094,9592,17.374802614037474,5.0,5.0
2366,3.8990466594696045,9592,18.89589893838719,5.0,5.0
2367,3.9003713130950928,9592,25.116719150709756,5.0,5.0
2368,3.901698589324951,9592,30.093375320567805,5.0,5.0
2370,3.9039859771728516,9592,19.2597602051634,5.0,5.0
2378,3.9208455085754395,9592,19.86099722504366,5.0,5.0
2380,3.92356276512146,9592,22.711038224027945,5.0,5.0
2384,3.933906078338623,9592,28.168830579222355,5.0,5.0
2389,3.942528247833252,9592,21.537953005249477,5.0,5.0
2390,3.943603992462158,9592,21.537953005249477,5.0,5.0
2393,3.9498538970947266,9592,23.784289923359665,5.0,5.0
2400,3.957470655441284,9592,9.74204515260812,5.0,5.0
2404,3.9645445346832275,9592,14.987927118135358,5.0,5.0
2410,3.9717535972595215,9592,5.0,5.0,5.0
2420,3.9928226470947266,9592,5.0,5.0,5.0
2421,3.994161367416382,9592,14.0,5.0,5.0
2423,3.996509075164795,9592,21.200000000000003,5.0,5.0
2424,3.9978208541870117,9592,26.960000000000004,5.0,5.0
2425,3.9991462230682373,9592,31.568000000000005,5.0,5.0
2426,4.000441551208496,9592,35.254400000000004,5.0,5.0
2427,4.001704931259155,9592,38.203520000000005,5.0,5.0
2430,4.00518274307251,9592,24.450252800000005,5.0,5.0
2431,4.006484031677246,9592,29.560202240000006,5.0,5.0
2433,4.008802175521851,9592,33.64816179200001,5.0,5.0
2434,4.010083436965942,9592,36.918529433600014,5.0,5.0
2437,4.013713836669922,9592,28.902287070003208,5.0,5.0
2439,4.01575779914856,9592,28.497463724802056,5.0,5.0
2440,4.018601179122925,9592,28.497463724802056,5.0,5.0
2441,4.019969463348389,9592,32.79797097984165,5.0,5.0
2448,4.030641794204712,9592,23.43404891334314,5.0,5.0
2449,4.031935214996338,9592,28.74723913067451,5.0,5.0
2450,4.0330705642700195,9592,22.99779130453961,5.0,5.0
2453,4.041340351104736,9592,28.398233043631688,5.0,5.0
2454,4.042567491531372,9592,32.71858643490535,5.0,5.0
2456,4.044967174530029,9592,36.174869147924284,5.0,5.0
2460,4.048831462860107,9592,14.817226402989789,5.0,5.0
2463,4.05206823348999,9592,17.586419918330773,5.0,5.0
2464,4.053394794464111,9592,24.06913593466462,5.0,5.0
2470,4.06701922416687,9592,12.323397598548286,5.0,5.0
2473,4.07058572769165,9592,17.886974463070903,5.0,5.0
2475,4.075268507003784,9592,24.309579570456723,5.0,5.0
2476,4.076507329940796,9592,29.44766365636538,5.0,5.0
2477,4.077776193618774,9592,33.5581309250923,5.0,5.0
2480,4.085248708724976,9592,33.5581309250923,5.0,5.0
2485,4.091089725494385,9592,27.181763033647258,5.0,5.0
2487,4.093136787414551,9592,27.396328341534247,5.0,5.0
2489,4.095189332962036,9592,27.53365013858192,5.0,5.0
2490,4.096379041671753,9592,22.026920110865536,5.0,5.0
2491,4.097794532775879,9592,27.62153608869243,5.0,5.0
2492,4.099061727523804,9592,32.09722887095394,5.0,5.0
2493,4.100345611572266,9592,35.67778309676315,5.0,5.0
2494,4.1015706062316895,9592,38.54222647741052,5.0,5.0
2495,4.102844715118408,9592,40.833781181928416,5.0,5.0
2500,4.110169172286987,9592,32.667024945542735,5.0,5.0
2501,4.1114420890808105,9592,36.13361995643419,5.0,5.0
2503,4.116069555282593,9592,38.906895965147356,5.0,5.0
2505,4.118565559387207,9592,41.12551677211789,5.0,5.0
2507,4.120926380157471,9592,42.90041341769432,5.0,5.0
2508,4.122173309326172,9592,44.320330734155455,5.0,5.0
2510,4.124558448791504,9592,28.36501166985949,5.0,5.0
2513,4.128382444381714,9592,24.522885974968062,5.0,5.0
2516,4.13204026222229,9592,25.694647023979563,5.0,5.0
2520,4.136781454086304,9592,23.15565927627754,5.0,5.0
2521,4.13805079460144,9592,28.524527421022032,5.0,5.0
2524,4.141566753387451,9592,28.2556975494541,5.0,5.0
2530,4.151349782943726,9592,11.573533716256403,5.0,5.0
2531,4.1527087688446045,9592,19.25882697300512,5.0,5.0
2532,4.154052734375,9592,25.407061578404097,5.0,5.0
2533,4.155328989028931,9592,30.325649262723278,5.0,5.0
2535,4.157806634902954,9592,29.4084155281429,5.0,5.0
2536,4.159085273742676,9592,33.52673242251432,5.0,5.0
2537,4.160415887832642,9592,36.82138593801146,5.0,5.0
2538,4.161620378494263,9592,39.45710875040917,5.0,5.0
2539,4.162909984588623,9592,41.56568700032734,5.0,5.0
2540,4.163664817810059,9592,33.25254960026187,5.0,5.0
2549,4.176631927490234,9592,16.97356508992884,5.0,5.0
2550,4.177878379821777,9592,23.578852071943075,5.0,5.0
2553,4.183777093887329,9592,25.09046532604357,5.0,5.0
2556,4.189651966094971,9592,26.057897808667885,5.0,5.0
2558,4.192086219787598,9592,26.67705459754745,5.0,5.0
2560,4.194055795669556,9592,17.07331494243037,5.0,5.0
2561,4.195391893386841,9592,23.658651953944293,5.0,5.0
2563,4.1979286670684814,9592,25.14153725052435,5.0,5.0
2564,4.199255704879761,9592,30.113229800419482,5.0,5.0
2565,4.200521469116211,9592,34.09058384033558,5.0,5.0
2566,4.201810598373413,9592,37.27246707226847,5.0,5.0
2567,4.2030510902404785,9592,39.817973657814775,5.0,5.0
2570,4.208238840103149,9592,25.48350314100146,5.0,5.0
2573,4.2117695808410645,9592,30.386802512801168,5.0,5.0
2574,4.213014125823975,9592,34.309442010240936,5.0,5.0
2576,4.217587947845459,9592,37.44755360819275,5.0,5.0
2577,4.2188379764556885,9592,39.958042886554196,5.0,5.0
2580,4.221941947937012,9592,35.57314744739469,5.0,5.0
2583,4.227779865264893,9592,32.7668143663326,5.0,5.0
2586,4.233539819717407,9592,30.97076119445287,5.0,5.0
2587,4.234790563583374,9592,34.776608955562295,5.0,5.0
2590,4.238166809082031,9592,22.25702973155987,5.0,5.0
2591,4.23946738243103,9592,27.8056237852479,5.0,5.0
2592,4.240750551223755,9592,32.24449902819832,5.0,5.0
2593,4.2419867515563965,9592,35.79559922255866,5.0,5.0
2594,4.243225812911987,9592,38.63647937804693,5.0,5.0
2595,4.2445149421691895,9592,40.90918350243754,5.0,5.0
2597,4.247048616409302,9592,36.18187744156003,5.0,5.0
2600,4.25065279006958,9592,33.15640156259842,5.0,5.0
2603,4.253807544708252,9592,31.220097000062992,5.0,5.0
2604,4.255131959915161,9592,34.976077600050395,5.0,5.0
2606,4.257627964019775,9592,32.38468966403225,5.0,5.0
2607,4.25890040397644,9592,35.9077517312258,5.0,5.0
2608,4.260156631469727,9592,38.72620138498064,5.0,5.0
2609,4.261396884918213,9592,40.98096110798451,5.0,5.0
2610,4.262640714645386,9592,42.78476888638761,5.0,5.0
2620,4.2782511711120605,9592,14.019713068691496,5.0,5.0
2624,4.283104658126831,9592,15.742474472936038,5.0,5.0
2627,4.289130210876465,9592,20.075183662679066,5.0,5.0
2630,4.292668104171753,9592,12.848117544114604,5.0,5.0
2638,4.3038647174835205,9592,15.262588946069343,5.0,5.0
2640,4.3063881397247314,9592,19.76805692548438,5.0,5.0
2642,4.310856819152832,9592,25.814445540387503,5.0,5.0
2644,4.313386678695679,9592,26.521245145848003,5.0,5.0
2649,4.321119785308838,9592,23.57887751467418,5.0,5.0
2650,4.322263956069946,9592,18.863102011739343,5.0,5.0
2653,4.3282623291015625,9592,22.07238528751318,5.0,5.0
2657,4.333198308944702,9592,24.12632658400844,5.0,5.0
2660,4.336988687515259,9592,22.352679211012322,5.0,5.0
2661,4.338342666625977,9592,27.88214336880986,5.0,5.0
2662,4.339599609375,9592,32.30571469504789,5.0,5.0
2665,4.343332290649414,9592,26.54052592386452,5.0,5.0
2670,4.355726003646851,9592,16.985936591273298,5.0,5.0
2673,4.359484910964966,9592,18.69679953473193,5.0,5.0
2677,4.366621255874634,9592,21.965951702228438,5.0,5.0
2680,4.369921922683716,9592,17.57276136178275,5.0,5.0
2683,4.375539541244507,9592,24.0582090894262,5.0,5.0
2687,4.382536888122559,9592,22.317803053786214,5.0,5.0
2689,4.385024070739746,9592,24.28339395442318,5.0,5.0
2690,4.386181116104126,9592,19.426715163538546,5.0,5.0
2694,4.393272876739502,9592,22.433097704664668,5.0,5.0
2698,4.401201486587524,9592,19.18859681983065,5.0,5.0
2700,4.403775691986084,9592,12.280701964691616,5.0,5.0
2709,4.4228997230529785,9592,16.287719405922108,5.0,5.0
2710,4.424083471298218,9592,13.030175524737686,5.0,5.0
2712,4.4269208908081055,9592,18.33931233583212,5.0,5.0
2713,4.428215980529785,9592,24.671449868665697,5.0,5.0
2717,4.43306827545166,9592,22.631782332756842,5.0,5.0
2718,4.43433141708374,9592,28.105425866205476,5.0,5.0
2720,4.436159133911133,9592,22.48434069296438,5.0,5.0
2723,4.442167520523071,9592,24.3899780434972,5.0,5.0
2724,4.443509578704834,9592,29.511982434797762,5.0,5.0
2726,4.4456140995025635,9592,28.88766875827057,5.0,5.0
2728,4.448116779327393,9592,28.488108005293167,5.0,5.0
2730,4.450665473937988,9592,28.23238912338763,5.0,5.0
2731,4.452058792114258,9592,32.5859112987101,5.0,5.0
2734,4.458343744277954,9592,30.85498323117447,5.0,5.0
2736,4.460461854934692,9592,29.74718926795166,5.0,5.0
2740,4.464746475219727,9592,15.230560905191252,5.0,5.0
2749,4.4800238609313965,9592,16.238437746766337,5.0,5.0
2750,4.481138229370117,9592,16.238437746766337,5.0,5.0
2755,4.491413831710815,9592,18.314080126344365,5.0,5.0
2756,4.492693901062012,9592,24.65126410107549,5.0,5.0
2758,4.495144844055176,9592,29.721011280860395,5.0,5.0
2759,4.496463298797607,9592,33.77680902468832,5.0,5.0
2760,4.497623443603516,9592,27.021447219750655,5.0,5.0
2761,4.498994827270508,9592,31.617157775800525,5.0,5.0
2770,4.517281532287598,9592,12.9503878249679,5.0,5.0
2777,4.528338670730591,9592,15.304478853106852,5.0,5.0
2780,4.53482985496521,9592,9.794866465988386,5.0,5.0
2783,4.538620233535767,9592,16.26871453823257,5.0,5.0
2787,4.545716285705566,9592,23.014971630586054,5.0,5.0
2788,4.5469841957092285,9592,28.411977304468845,5.0,5.0
2790,4.551116943359375,9592,22.729581843575076,5.0,5.0
2792,4.553629636764526,9592,28.18366547486006,5.0,5.0
2795,4.5573649406433105,9592,28.037545903910438,5.0,5.0
2800,4.565528392791748,9592,14.355223502802147,5.0,5.0
2810,4.5957043170928955,9592,17.3498744334347,5.0,5.0
2813,4.59949803352356,9592,21.103919637398207,5.0,5.0
2819,4.609562635421753,9592,23.50650856793485,5.0,5.0
2820,4.61336088180542,9592,23.50650856793485,5.0,5.0
2822,4.618149518966675,9592,28.805206854347883,5.0,5.0
2824,4.620569705963135,9592,33.04416548347831,5.0,5.0
2828,4.6255528926849365,9592,23.53489018203272,5.0,5.0
2830,4.6276092529296875,9592,15.06232971650094,5.0,5.0
2831,4.62890887260437,9592,22.049863773200755,5.0,5.0
2834,4.635419845581055,9592,24.111912814848484,5.0,5.0
2840,4.64546275138855,9592,22.345299361202425,5.0,5.0
2850,4.662399768829346,9592,7.322107694678812,5.0,5.0
2855,4.6712586879730225,9592,14.0,5.0,5.0
2860,4.676552057266235,9592,17.168,5.0,5.0
2862,4.679103136062622,9592,20.987520000000004,5.0,5.0
2869,4.6898369789123535,9592,20.745610240000005,5.0,5.0
2870,4.69353985786438,9592,20.745610240000005,5.0,5.0
2871,4.694939851760864,9592,26.596488192000006,5.0,5.0
2877,4.710418462753296,9592,23.617401954304007,5.0,5.0
2879,4.713176012039185,9592,25.115137250754564,5.0,5.0
2880,4.714272975921631,9592,25.115137250754564,5.0,5.0
2881,4.715662240982056,9592,30.09210980060365,5.0,5.0
2886,4.7238075733184814,9592,22.32572817432726,5.0,5.0
2890,4.730926036834717,9592,17.86058253946181,5.0,5.0
2893,4.734772682189941,9592,21.43077282525556,5.0,5.0
2900,4.750524044036865,9592,10.972555686530848,5.0,5.0
2906,4.762069463729858,9592,15.617948511503794,5.0,5.0
2910,4.768881320953369,9592,12.494358809203035,5.0,5.0
2911,4.770219564437866,9592,19.99548704736243,5.0,5.0
2915,4.77734637260437,9592,22.79711171031196,5.0,5.0
2920,4.785232067108154,9592,21.672121195679726,5.0,5.0
2923,4.788900375366211,9592,23.870157565235026,5.0,5.0
2928,4.799602508544922,9592,22.221520673400335,5.0,5.0
2930,4.804035186767578,9592,17.777216538720268,5.0,5.0
2931,4.805424690246582,9592,24.221773230976215,5.0,5.0
2934,4.809081315994263,9592,25.50193486782478,5.0,5.0
2940,4.818408489227295,9592,13.05699065232629,5.0,5.0
2944,4.823527097702026,9592,16.685179213991063,5.0,5.0
2947,4.827443599700928,9592,20.67851469695428,5.0,5.0
2948,4.828749179840088,9592,26.542811757563424,5.0,5.0
2950,4.830841302871704,9592,26.987399524840594,5.0,5.0
2954,4.835708141326904,9592,23.817548556718386,5.0,5.0
2955,4.837014675140381,9592,29.05403884537471,5.0,5.0
2960,4.850584268569946,9592,24.875667888831856,5.0,5.0
2964,4.855368614196777,9592,20.18907356726553,5.0,5.0
2970,4.862226247787476,9592,6.615555626521571,5.0,5.0
2978,4.876240015029907,9592,14.0,5.0,5.0
2980,4.878822088241577,9592,18.96,5.0,5.0
2985,4.884402513504028,9592,17.766016,5.0,5.0
2990,4.89279580116272,9592,19.096200192000005,5.0,5.0
2993,4.896534442901611,9592,19.777254498304004,5.0,5.0
2995,4.898925542831421,9592,25.821803598643204,5.0,5.0
3000,4.909604787826538,9592,20.657442878914566,5.0,5.0
3007,4.922043323516846,9592,18.461288603203407,5.0,5.0
3010,4.930276155471802,9592,14.769030882562726,5.0,5.0
3012,4.933250665664673,9592,19.452179764840146,5.0,5.0
3013,4.934788942337036,9592,25.56174381187212,5.0,5.0
3020,4.9561004638671875,9592,10.470090265342822,5.0,5.0
3022,4.958570957183838,9592,18.37607221227426,5.0,5.0
3030,4.974174499511719,9592,7.5268391781475374,5.0,5.0
3036,4.992761611938477,9592,16.02147134251803,5.0,5.0
3038,4.995217323303223,9592,22.817177074014424,5.0,5.0
3039,4.996540307998657,9592,28.25374165921154,5.0,5.0
3040,4.999920606613159,9592,28.25374165921154,5.0,5.0
3043,5.006012439727783,9592,28.08239466189539,5.0,5.0
3044,5.007348537445068,9592,32.46591572951631,5.0,5.0
3046,5.009845972061157,9592,30.77818606689044,5.0,5.0
3049,5.013613224029541,9592,25.75843126624791,5.0,5.0
3050,5.014756679534912,9592,20.60674501299833,5.0,5.0
3051,5.0160627365112305,9592,26.485396010398667,5.0,5.0
3059,5.027841806411743,9592,20.848418205859296,5.0,5.0
3060,5.029104709625244,9592,16.67873456468744,5.0,5.0
3066,5.038583040237427,9592,18.539512097119967,5.0,5.0
3069,5.041950225830078,9592,19.492230193725426,5.0,5.0
3070,5.0429847240448,9592,19.492230193725426,5.0,5.0
3073,5.04898738861084,9592,22.47502732398427,5.0,5.0
3074,5.050279378890991,9592,27.980021859187417,5.0,5.0
3080,5.0574071407318115,9592,21.46061695352317,5.0,5.0
3081,5.0587358474731445,9592,27.168493562818536,5.0,5.0
3082,5.0600645542144775,9592,31.73479485025483,5.0,5.0
3083,5.061376571655273,9592,35.387835880203866,5.0,5.0
3090,5.072380542755127,9592,11.595886061225205,5.0,5.0
3099,5.098370790481567,9592,15.937093663347305,5.0,5.0
3100,5.099856376647949,9592,22.749674930677845,5.0,5.0
3104,5.104892015457153,9592,21.64783356450706,5.0,5.0
3106,5.107572078704834,9592,23.85461348128452,5.0,5.0
3109,5.113544464111328,9592,25.266952628022096,5.0,5.0
3110,5.1148974895477295,9592,30.21356210241768,5.0,5.0
3111,5.1162428855896,9592,34.17084968193414,5.0,5.0
3112,5.1177027225494385,9592,37.336679745547315,5.0,5.0
3113,5.119009971618652,9592,39.86934379643785,5.0,5.0
3116,5.122784376144409,9592,35.516380029720224,5.0,5.0
3120,5.126755237579346,9592,14.547509260173408,5.0,5.0
3122,5.129266977310181,9592,19.31040592651098,5.0,5.0
3124,5.131854772567749,9592,25.448324741208786,5.0,5.0
3125,5.133193492889404,9592,30.358659792967032,5.0,5.0
3126,5.13463282585144,9592,34.28692783437363,5.0,5.0
3127,5.135901689529419,9592,37.4295422674989,5.0,5.0
3130,5.144527435302734,9592,29.943633813999124,5.0,5.0
3132,5.14996862411499,9592,33.9549070511993,5.0,5.0
3133,5.151354551315308,9592,37.16392564095944,5.0,5.0
3134,5.152735471725464,9592,39.73114051276755,5.0,5.0
3136,5.155363082885742,9592,35.42792992817124,5.0,5.0
3138,5.16007137298584,9592,38.34234394253699,5.0,5.0
3140,5.16239595413208,9592,30.673875154029595,5.0,5.0
3144,5.167011260986328,9592,25.705024078863154,5.0,5.0
3149,5.175641298294067,9592,23.160972328377937,5.0,5.0
3150,5.176419019699097,9592,18.528777862702352,5.0,5.0
3152,5.178623199462891,9592,24.82302229016188,5.0,5.0
3153,5.179974555969238,9592,29.858417832129504,5.0,5.0
3156,5.18365216255188,9592,25.28750993005031,5.0,5.0
3160,5.190187215805054,9592,20.23000794404025,5.0,5.0
3163,5.193707227706909,9592,20.35776406734861,5.0,5.0
3164,5.1950414180755615,9592,26.28621125387889,5.0,5.0
3166,5.198297500610352,9592,26.823175202482492,5.0,5.0
3169,5.2019970417022705,9592,23.733465703671037,5.0,5.0
3170,5.203374147415161,9592,28.98677256293683,5.0,5.0
3174,5.211512804031372,9592,24.84122755222366,5.0,5.0
3177,5.215347766876221,9592,22.718708506738515,5.0,5.0
3179,5.217935562133789,9592,24.53997344431265,5.0,5.0
3180,5.219057083129883,9592,24.53997344431265,5.0,5.0
3183,5.225108861923218,9592,25.705583004360097,5.0,5.0
3184,5.226530313491821,9592,30.56446640348808,5.0,5.0
3186,5.229066610336304,9592,29.561258498232373,5.0,5.0
3188,5.231201171875,9592,28.919205438868723,5.0,5.0
3190,5.233556747436523,9592,18.508291480875982,5.0,5.0
3191,5.234874963760376,9592,24.806633184700786,5.0,5.0
3193,5.237442493438721,9592,25.876245238208504,5.0,5.0
3194,5.2387471199035645,9592,30.700996190566805,5.0,5.0
3195,5.240029335021973,9592,34.560796952453444,5.0,5.0
3199,5.247760057449341,9592,27.695128039656165,5.0,5.0
3200,5.249117374420166,9592,32.15610243172493,5.0,5.0
3210,5.26572585105896,9592,20.53691164482763,5.0,5.0
3212,5.268369436264038,9592,23.143623452689685,5.0,5.0
3215,5.271183490753174,9592,24.8119190097214,5.0,5.0
3218,5.277689218521118,9592,25.8796281662217,5.0,5.0
3220,5.282716751098633,9592,25.8796281662217,5.0,5.0
3228,5.297840595245361,9592,20.60029569688441,5.0,5.0
3229,5.302493333816528,9592,26.480236557507528,5.0,5.0
3230,5.3048622608184814,9592,31.184189246006024,5.0,5.0
3235,5.3134777545928955,9592,22.77304391516407,5.0,5.0
3238,5.3190412521362305,9592,24.574748105705005,5.0,5.0
3239,5.3204827308654785,9592,29.659798484564007,5.0,5.0
3240,5.3217854499816895,9592,33.72783878765121,5.0,5.0
3246,5.331591844558716,9592,27.268653459277424,5.0,5.0
3249,5.335393667221069,9592,23.961550571150042,5.0,5.0
3250,5.336708307266235,9592,29.169240456920033,5.0,5.0
3252,5.339203834533691,9592,28.668313892428824,5.0,5.0
3255,5.342019557952881,9592,24.67817671292356,5.0,5.0
3257,5.34673285484314,9592,29.74254137033885,5.0,5.0
3260,5.350022554397583,9592,15.228181181613492,5.0,5.0
3261,5.3513782024383545,9592,22.182544945290793,5.0,5.0
3264,5.354589223861694,9592,24.19682876498611,5.0,5.0
3269,5.360635042190552,9592,22.38877632767289,5.0,5.0
3270,5.3619444370269775,9592,27.911021062138314,5.0,5.0
3271,5.3632590770721436,9592,32.32881684971065,5.0,5.0
3272,5.364562034606934,9592,35.863053479768524,5.0,5.0
3275,5.367917537689209,9592,28.361883381641487,5.0,5.0
3278,5.371607542037964,9592,24.52128429140044,5.0,5.0
3279,5.372952938079834,9592,29.617027433120356,5.0,5.0
3280,5.37419867515564,9592,33.693621946496286,5.0,5.0
3282,5.376654624938965,9592,31.563918045757624,5.0,5.0
3290,5.388093709945679,9592,20.34286466523386,5.0,5.0
3293,5.391889572143555,9592,23.01943338574967,5.0,5.0
3296,5.4000866413116455,9592,28.415546708599738,5.0,5.0
3300,5.4064857959747314,9592,18.185949893503835,5.0,5.0
3303,5.412461996078491,9592,21.639007931842457,5.0,5.0
3306,5.417984247207642,9592,23.848965076379173,5.0,5.0
3309,5.4298248291015625,9592,25.263337648882672,5.0,5.0
3310,5.431161403656006,9592,20.21067011910614,5.0,5.0
3320,5.444827556610107,9592,5.0,5.0,5.0
3323,5.453212022781372,9592,14.0,5.0,5.0
3330,5.466889381408691,9592,7.168000000000001,5.0,5.0
3331,5.468264818191528,9592,15.7344,5.0,5.0
3333,5.473165988922119,9592,22.58752,5.0,5.0
3334,5.4744813442230225,9592,28.070016000000003,5.0,5.0
3338,5.478882074356079,9592,24.371848192,5.0,5.0
3340,5.481490612030029,9592,25.597982842880004,5.0,5.0
3341,5.482799530029297,9592,30.478386274304004,5.0,5.0
3347,5.4897871017456055,9592,17.98972609149115,5.0,5.0
3350,5.4986090660095215,9592,17.98972609149115,5.0,5.0
3353,5.50240683555603,9592,21.51342469855434,5.0,5.0
3354,5.503735780715942,9592,27.21073975884347,5.0,5.0
3357,5.507333278656006,9592,31.768591807074777,5.0,5.0
3360,5.511072635650635,9592,26.265519005222288,5.0,5.0
3361,5.512432813644409,9592,31.01241520417783,5.0,5.0
3370,5.528249979019165,9592,10.162148214104995,5.0,5.0
3372,5.533512592315674,9592,18.129718571283995,5.0,5.0
3375,5.536749362945557,9592,21.603019885621755,5.0,5.0
3376,5.538115978240967,9592,27.282415908497406,5.0,5.0
3377,5.53942084312439,9592,31.825932726797927,5.0,5.0
3378,5.540742635726929,9592,35.46074618143834,5.0,5.0
3380,5.545288562774658,9592,28.36859694515067,5.0,5.0
3382,5.55007791519165,9592,32.69487755612054,5.0,5.0
3385,5.553319931030273,9592,30.924721635917148,5.0,5.0
3386,5.554654121398926,9592,34.73977730873372,5.0,5.0
3387,5.5559728145599365,9592,37.79182184698698,5.0,5.0
3390,5.561842203140259,9592,24.186765982071666,5.0,5.0
3391,5.5633018016815186,9592,29.349412785657336,5.0,5.0
3393,5.565798044204712,9592,33.479530228525874,5.0,5.0
3395,5.570794343948364,9592,36.7836241828207,5.0,5.0
3400,5.578496932983398,9592,18.833215581604204,5.0,5.0
3401,5.579911708831787,9592,25.066572465283365,5.0,5.0
3402,5.5812718868255615,9592,30.053257972226692,5.0,5.0
3406,5.586116790771484,9592,29.234085102225084,5.0,5.0
3410,5.590393781661987,9592,18.709814465424056,5.0,5.0
3412,5.593078851699829,9592,21.974281257871397,5.0,5.0
3420,5.608021974563599,9592,9.000665603224126,5.0,5.0
3430,5.629345417022705,9592,5.0,5.0,5.0
3435,5.635525941848755,9592,14.0,5.0,5.0
3437,5.638032913208008,9592,21.200000000000003,5.0,5.0
3440,5.647170066833496,9592,21.200000000000003,5.0,5.0
3443,5.650582313537598,9592,23.568000000000005,5.0,5.0
3444,5.6520676612854,9592,28.854400000000005,5.0,5.0
3446,5.6546525955200195,9592,28.466816000000005,5.0,5.0
3447,5.655992269515991,9592,32.7734528,5.0,5.0
3450,5.659635782241821,9592,16.780007833600006,5.0,5.0
3458,5.678656816482544,9592,16.873091208642563,5.0,5.0
3460,5.688033103942871,9592,23.49847296691405,5.0,5.0
3468,5.702529430389404,9592,16.15998369743872,5.0,5.0
3469,5.703848361968994,9592,22.927986957950978,5.0,5.0
3470,5.705059289932251,9592,18.342389566360783,5.0,5.0
3471,5.706461429595947,9592,24.673911653088627,5.0,5.0
3473,5.708931922912598,9592,25.791303457976724,5.0,5.0
3477,5.716513395309448,9592,26.506434213105106,5.0,5.0
3480,5.724728584289551,9592,21.205147370484084,5.0,5.0
3481,5.726231336593628,9592,26.96411789638727,5.0,5.0
3490,5.746262311935425,9592,8.835602152288184,5.0,5.0
3500,5.767613172531128,9592,14.523828301971552,5.0,5.0
3504,5.77829647064209,9592,17.436200090609436,5.0,5.0
3507,5.7817933559417725,9592,18.92733444639203,5.0,5.0
3510,5.787982702255249,9592,15.141867557113626,5.0,5.0
3520,5.807444334030151,9592,5.0,5.0,5.0
3524,5.812682628631592,9592,14.0,5.0,5.0
3525,5.814096212387085,9592,21.200000000000003,5.0,5.0
3528,5.823424339294434,9592,26.960000000000004,5.0,5.0
3530,5.826049566268921,9592,31.568000000000005,5.0,5.0
3538,5.844953536987305,9592,22.930252800000005,5.0,5.0
3539,5.846437931060791,9592,28.344202240000005,5.0,5.0
3540,5.84754753112793,9592,28.344202240000005,5.0,5.0
3541,5.848955392837524,9592,32.675361792000004,5.0,5.0
3545,5.856378793716431,9592,30.912231546880005,5.0,5.0
3547,5.861588478088379,9592,34.729785237504004,5.0,5.0
3550,5.8652002811431885,9592,32.227062552002565,5.0,5.0
3559,5.877200603485107,9592,18.448131085632163,5.0,5.0
3560,5.878263235092163,9592,18.448131085632163,5.0,5.0
3570,5.8900556564331055,9592,5.0,5.0,5.0
3575,5.89776873588562,9592,14.0,5.0,5.0
3577,5.9029998779296875,9592,21.200000000000003,5.0,5.0
3580,5.90910792350769,9592,13.568000000000005,5.0,5.0
3584,5.916128635406494,9592,18.683520000000005,5.0,5.0
3586,5.921074867248535,9592,24.946816000000005,5.0,5.0
3587,5.9224138259887695,9592,29.957452800000006,5.0,5.0
3590,5.925262451171875,9592,29.957452800000006,5.0,5.0
3595,5.935710906982422,9592,29.172769792000008,5.0,5.0
3597,5.9381937980651855,9592,28.670572666880005,5.0,5.0
3600,5.940664768218994,9592,22.936458133504004,5.0,5.0
3604,5.94498610496521,9592,19.394773251483244,5.0,5.0
3610,5.954555511474609,9592,7.944099123807537,5.0,5.0
3613,5.960433006286621,9592,16.355279299046032,5.0,5.0
3614,5.961761951446533,9592,23.084223439236826,5.0,5.0
3616,5.9641594886779785,9592,24.77390300111157,5.0,5.0
3617,5.965496301651001,9592,29.819122400889256,5.0,5.0
3619,5.967954158782959,9592,29.084238336569125,5.0,5.0
3620,5.9691526889801025,9592,23.267390669255303,5.0,5.0
3621,5.970489501953125,9592,28.613912535404243,5.0,5.0
3630,5.985805511474609,9592,19.376206859601265,5.0,5.0
3640,5.999351739883423,9592,9.92061791211585,5.0,5.0
3643,6.002879619598389,9592,17.936494329692678,5.0,5.0
3645,6.007972478866577,9592,24.349195463754143,5.0,5.0
3650,6.020852565765381,9592,15.583485096802654,5.0,5.0
3655,6.026543855667114,9592,16.38299549565037,5.0,5.0
3660,6.031933546066284,9592,8.38809369377299,5.0,5.0
3662,6.034469842910767,9592,16.71047495501839,5.0,5.0
3663,6.035752773284912,9592,23.368379964014714,5.0,5.0
3665,6.038204908370972,9592,24.95576317696942,5.0,5.0
3666,6.039500951766968,9592,29.96461054157554,5.0,5.0
3670,6.046568393707275,9592,15.341880597286679,5.0,5.0
3680,6.067685127258301,9592,5.0272274341189,5.0,5.0
3683,6.073676824569702,9592,14.0,5.0,5.0
3690,6.083220720291138,9592,5.734400000000001,5.0,5.0
3696,6.092166185379028,9592,14.0,5.0,5.0
3700,6.0988922119140625,9592,21.200000000000003,5.0,5.0
3701,6.1001715660095215,9592,26.960000000000004,5.0,5.0
3703,6.102233409881592,9592,27.254400000000004,5.0,5.0
3710,6.114592552185059,9592,13.954252800000004,5.0,5.0
3720,6.1306164264678955,9592,5.715661946880003,5.0,5.0
3726,6.139902830123901,9592,14.0,5.0,5.0
3730,6.1490797996521,9592,8.96,5.0,5.0
3736,6.160227537155151,9592,15.7344,5.0,5.0
3739,6.16672682762146,9592,20.070016000000003,5.0,5.0
3740,6.167500734329224,9592,16.0560128,5.0,5.0
3750,6.183605432510376,9592,14.2089874194432,5.0,5.0
3751,6.1849305629730225,9592,21.367189935554563,5.0,5.0
3752,6.186199426651001,9592,27.09375194844365,5.0,5.0
3757,6.192210674285889,9592,23.872000997603152,5.0,5.0
3760,6.195584297180176,9592,15.278080638466017,5.0,5.0
3765,6.20362663269043,9592,17.8223772868946,5.0,5.0
3766,6.204921007156372,9592,24.25790182951568,5.0,5.0
3767,6.206233263015747,9592,29.406321463612546,5.0,5.0
3770,6.209264755249023,9592,18.82004573671203,5.0,5.0
3772,6.211676836013794,9592,25.056036589369626,5.0,5.0
3777,6.217689037322998,9592,20.2629525870058,5.0,5.0
3780,6.221225738525391,9592,22.968289655683712,5.0,5.0
3781,6.222517251968384,9592,28.37463172454697,5.0,5.0
3784,6.226245403289795,9592,28.159764303710062,5.0,5.0
3785,6.227587461471558,9592,32.52781144296805,5.0,5.0
3790,6.233404874801636,9592,23.32339156703972,5.0,5.0
3797,6.241834402084351,9592,19.55326118585947,5.0,5.0
3798,6.243089437484741,9592,25.642608948687574,5.0,5.0
3799,6.244360446929932,9592,30.514087158950062,5.0,5.0
3800,6.24574613571167,9592,34.41126972716005,5.0,5.0
3801,6.2470622062683105,9592,37.529015781728035,5.0,5.0
3803,6.249535083770752,9592,34.01857010030594,5.0,5.0
3810,6.262603759765625,9592,21.147205050468255,5.0,5.0
3811,6.263971567153931,9592,26.917764040374603,5.0,5.0
3816,6.2700464725494385,9592,23.781895188671797,5.0,5.0
3818,6.274917364120483,9592,29.025516150937438,5.0,5.0
3819,6.276217937469482,9592,33.22041292074995,5.0,5.0
3820,6.278191804885864,9592,26.576330336599963,5.0,5.0
3830,6.300288915634155,9592,13.607081132339182,5.0,5.0
3840,6.319054126739502,9592,6.966825539757662,5.0,5.0
3847,6.332524061203003,9592,15.57346043180613,5.0,5.0
3848,6.333948373794556,9592,22.458768345444902,5.0,5.0
3850,6.336270570755005,9592,17.967014676355923,5.0,5.0
3851,6.337696313858032,9592,24.373611741084737,5.0,5.0
3857,6.344616413116455,9592,17.98674509531865,5.0,5.0
3860,6.348321914672852,9592,21.511516861003937,5.0,5.0
3861,6.349631309509277,9592,27.20921348880315,5.0,5.0
3862,6.350890159606934,9592,31.767370791042524,5.0,5.0
3863,6.352229356765747,9592,35.413896632834025,5.0,5.0
3869,6.359616041183472,9592,19.283540518917647,5.0,5.0
3870,6.3609619140625,9592,25.42683241513412,5.0,5.0
3880,6.380371570587158,9592,6.66549155663292,5.0,5.0
3882,6.382983922958374,9592,14.265914596245068,5.0,5.0
3887,6.388960123062134,9592,15.843318618621982,5.0,5.0
3890,6.392636299133301,9592,8.111779132734455,5.0,5.0
3895,6.400407314300537,9592,15.191538644950052,5.0,5.0
3898,6.403758764266968,9592,19.722584732768034,5.0,5.0
3900,6.405778408050537,9592,12.622454228971543,5.0,5.0
3902,6.410092830657959,9592,20.097963383177238,5.0,5.0
3903,6.4114625453948975,9592,26.07837070654179,5.0,5.0
3910,6.424616098403931,9592,10.68170064139952,5.0,5.0
3914,6.430572748184204,9592,14.375224582717244,5.0,5.0
3920,6.449339866638184,9592,11.500179666173796,5.0,5.0
3926,6.461873531341553,9592,17.36011498635123,5.0,5.0
3927,6.463279485702515,9592,23.888091989080984,5.0,5.0
3930,6.467205286026001,9592,22.230703098409464,5.0,5.0
3939,6.4830591678619385,9592,14.662116346423563,5.0,5.0
3940,6.48426365852356,9592,11.729693077138851,5.0,5.0
3948,6.495721340179443,9592,16.00560285549509,5.0,5.0
3950,6.5003838539123535,9592,16.00560285549509,5.0,5.0
3951,6.501863956451416,9592,22.804482284396073,5.0,5.0
3954,6.5057151317596436,9592,21.67589492961079,5.0,5.0
3955,6.507393836975098,9592,27.340715943688632,5.0,5.0
3960,6.513202428817749,9592,8.959005800427894,5.0,5.0
3966,6.526000261306763,9592,14.587010969819083,5.0,5.0
3967,6.52742338180542,9592,21.669608775855266,5.0,5.0
3970,6.53343939781189,9592,23.868549616547373,5.0,5.0
3971,6.5347936153411865,9592,29.094839693237898,5.0,5.0
3975,6.539596796035767,9592,21.917246338350246,5.0,5.0
3980,6.548924922943115,9592,18.977304100188263,5.0,5.0
3984,6.558818340301514,9592,22.14547462412049,5.0,5.0
3987,6.564847469329834,9592,24.173103759437115,5.0,5.0
3990,6.567924737930298,9592,19.338483007549694,5.0,5.0
3991,6.56932520866394,9592,25.470786406039757,5.0,5.0
4000,6.584882736206055,9592,6.6770138316248895,5.0,5.0
4004,6.589491844177246,9592,14.0,5.0,5.0
4010,6.598950624465942,9592,8.96,5.0,5.0
4020,6.622127532958984,9592,14.587520000000001,5.0,5.0
4024,6.627127170562744,9592,17.468810240000003,5.0,5.0
4026,6.631827354431152,9592,23.975048192000003,5.0,5.0
4027,6.6331188678741455,9592,29.180038553600003,5.0,5.0
4030,6.63680362701416,9592,14.940179739443202,5.0,5.0
4040,6.658970355987549,9592,6.119497621275936,5.0,5.0
4050,6.683525085449219,9592,5.0,5.0,5.0
4060,6.698194742202759,9592,5.0,5.0,5.0
4070,6.723840951919556,9592,5.0,5.0,5.0
4076,6.733200550079346,9592,14.0,5.0,5.0
4080,6.740501642227173,9592,18.96,5.0,5.0
4082,6.743013381958008,9592,22.1344,5.0,5.0
4090,6.754568815231323,9592,19.066250240000002,5.0,5.0
4094,6.761840581893921,9592,19.761920122880003,5.0,5.0
4099,6.770456075668335,9592,16.475585985865322,5.0,5.0
4100,6.7719643115997314,9592,23.18046878869226,5.0,5.0
4104,6.779146909713745,9592,24.83550002476305,5.0,5.0
4110,6.7883381843566895,9592,29.86840001981044,5.0,5.0
4117,6.796260118484497,9592,17.82982185479319,5.0,5.0
4120,6.803936719894409,9592,14.263857483834554,5.0,5.0
4123,6.812090873718262,9592,21.411085987067644,5.0,5.0
4125,6.816767454147339,9592,27.128868789654117,5.0,5.0
4130,6.824896574020386,9592,23.88998082030291,5.0,5.0
4135,6.843429803848267,9592,25.289587724993865,5.0,5.0
4136,6.844826936721802,9592,30.231670179995092,5.0,5.0
4140,6.8494648933410645,9592,12.382892105725993,5.0,5.0
4141,6.850774049758911,9592,19.906313684580795,5.0,5.0
4142,6.852110862731934,9592,25.925050947664637,5.0,5.0
4150,6.8646159172058105,9592,8.495120694530751,5.0,5.0
4156,6.880518913269043,9592,15.43687724449968,5.0,5.0
4158,6.883087873458862,9592,19.879601436479795,5.0,5.0
4159,6.884525775909424,9592,25.90368114918384,5.0,5.0
4160,6.885771751403809,9592,20.72294491934707,5.0,5.0
4170,6.913877725601196,9592,10.610147798705702,5.0,5.0
4175,6.919790506362915,9592,15.432395672937322,5.0,5.0
4180,6.9280664920806885,9592,9.876733230679887,5.0,5.0
4181,6.929431676864624,9592,17.90138658454391,5.0,5.0
4183,6.931893587112427,9592,24.32110926763513,5.0,5.0
4190,6.944536447525024,9592,12.452407945029188,5.0,5.0
4197,6.957569360733032,9592,16.375632867854947,5.0,5.0
4198,6.9589033126831055,9592,23.10050629428396,5.0,5.0
4199,6.960217475891113,9592,28.480405035427168,5.0,5.0
4200,6.961368799209595,9592,22.784324028341736,5.0,5.0
4202,6.96394681930542,9592,24.581967378138714,5.0,5.0
4203,6.965261220932007,9592,29.66557390251097,5.0,5.0
4205,6.967828273773193,9592,28.985967297607022,5.0,5.0
4206,6.969207048416138,9592,33.18877383808562,5.0,5.0
4208,6.971381425857544,9592,31.240815256374802,5.0,5.0
4210,6.973371267318726,9592,24.992652205099844,5.0,5.0
4211,6.974731683731079,9592,29.99412176407988,5.0,5.0
4212,6.976001739501953,9592,33.995297411263905,5.0,5.0
4213,6.977277755737305,9592,37.196237929011126,5.0,5.0
4214,6.97857928276062,9592,39.7569903432089,5.0,5.0
4215,6.979864835739136,9592,41.80559227456712,5.0,5.0
4216,6.98115086555481,9592,43.444473819653695,5.0,5.0
4220,6.991514444351196,9592,27.794856476530153,5.0,5.0
4221,6.993621110916138,9592,32.23588518122412,5.0,5.0
4225,6.998791456222534,9592,26.504773212786752,5.0,5.0
4226,7.000179052352905,9592,31.2038185702294,5.0,5.0
4230,7.00848913192749,9592,15.976355107957454,5.0,5.0
4240,7.033344507217407,9592,5.2351320417755005,5.0,5.0
4250,7.0540783405303955,9592,5.0,5.0,5.0
4257,7.064262628555298,9592,14.0,5.0,5.0
4260,7.067796468734741,9592,8.96,5.0,5.0
4268,7.083511590957642,9592,15.7344,5.0,5.0
4270,7.088171720504761,9592,15.7344,5.0,5.0
4280,7.108867645263672,9592,5.155848192000002,5.0,5.0
4285,7.120803356170654,9592,14.124678553600003,5.0,5.0
4287,7.1235032081604,9592,19.039794274304,5.0,5.0
4290,7.129564523696899,9592,12.18546833555456,5.0,5.0
4291,7.130933523178101,9592,19.74837466844365,5.0,5.0
4293,7.135967493057251,9592,25.79869973475492,5.0,5.0
4295,7.138186693191528,9592,26.51116783024315,5.0,5.0
4298,7.1420183181762695,9592,23.573717929084495,5.0,5.0
4300,7.14396595954895,9592,15.087179474614079,5.0,5.0
4302,7.146569728851318,9592,19.65579486375301,5.0,5.0
4309,7.159672737121582,9592,16.440810860954585,5.0,5.0
4310,7.160447359085083,9592,13.15264868876367,5.0,5.0
4313,7.1643054485321045,9592,18.417695160808748,5.0,5.0
4315,7.166939973831177,9592,21.7873249029176,5.0,5.0
4316,7.168292999267578,9592,27.42985992233408,5.0,5.0
4320,7.174968957901001,9592,14.044088280235052,5.0,5.0
4330,7.196876287460327,9592,5.752458559584278,5.0,5.0
4338,7.209025621414185,9592,14.0,5.0,5.0
4340,7.213760852813721,9592,14.0,5.0,5.0
4345,7.220145225524902,9592,15.7344,5.0,5.0
4350,7.231394290924072,9592,10.070016000000003,5.0,5.0
4360,7.260779857635498,9592,6.4448102400000025,5.0,5.0
4369,7.286113739013672,9592,15.155848192000002,5.0,5.0
4370,7.28743577003479,9592,12.124678553600003,5.0,5.0
4376,7.303923606872559,9592,16.207835419443203,5.0,5.0
4377,7.305329322814941,9592,22.966268335554563,5.0,5.0
4380,7.309149742126465,9592,21.75872938780394,5.0,5.0
4390,7.325460910797119,9592,5.703920356636477,5.0,5.0
4392,7.335660457611084,9592,14.56313628530918,5.0,5.0
4395,7.343165159225464,9592,21.650509028247345,5.0,5.0
4397,7.346363067626953,9592,27.320407222597876,5.0,5.0
4400,7.3497138023376465,9592,17.48506062246264,5.0,5.0
4401,7.351209402084351,9592,23.988048497970112,5.0,5.0
4402,7.352625131607056,9592,29.19043879837609,5.0,5.0
4404,7.354867696762085,9592,28.6818808309607,5.0,5.0
4406,7.360204696655273,9592,32.94550466476856,5.0,5.0
4408,7.3628928661346436,9592,31.085122985451882,5.0,5.0
4409,7.364231109619141,9592,34.8680983883615,5.0,5.0
4410,7.365425109863281,9592,27.894478710689203,5.0,5.0
4412,7.370337724685669,9592,32.31558296855137,5.0,5.0
4413,7.371712684631348,9592,35.8524663748411,5.0,5.0
4420,7.380160331726074,9592,11.748136181707935,5.0,5.0
4430,7.3939409255981445,9592,5.0,5.0,5.0
4431,7.395565748214722,9592,14.0,5.0,5.0
4432,7.397082090377808,9592,21.200000000000003,5.0,5.0
4435,7.400479316711426,9592,23.568000000000005,5.0,5.0
4439,7.407979249954224,9592,22.066816000000003,5.0,5.0
4440,7.411673307418823,9592,22.066816000000003,5.0,5.0
4441,7.413148403167725,9592,27.653452800000004,5.0,5.0
4446,7.421030521392822,9592,21.326854266880005,5.0,5.0
4450,7.428634166717529,9592,17.061483413504003,5.0,5.0
4451,7.43047571182251,9592,23.6491867308032,5.0,5.0
4453,7.43313455581665,9592,25.135479507714052,5.0,5.0
4457,7.440256595611572,9592,26.086706884936998,5.0,5.0
4460,7.4472057819366455,9592,26.086706884936998,5.0,5.0
4461,7.448953628540039,9592,30.8693655079496,5.0,5.0
4463,7.451670408248901,9592,29.756393925087746,5.0,5.0
4464,7.45354437828064,9592,33.8051151400702,5.0,5.0
4470,7.460580825805664,9592,13.846575161372758,5.0,5.0
4472,7.4632041454315186,9592,18.861808103278566,5.0,5.0
4478,7.477372646331787,9592,22.071557186098282,5.0,5.0
4480,7.4819416999816895,9592,17.657245748878626,5.0,5.0
4489,7.495784759521484,9592,14.628741029594039,5.0,5.0
4490,7.496911525726318,9592,14.628741029594039,5.0,5.0
4493,7.500671863555908,9592,19.362394258940185,5.0,5.0
4500,7.517562389373779,9592,9.913545860577376,5.0,5.0
4502,7.522408962249756,9592,17.930836688461902,5.0,5.0
4504,7.525193929672241,9592,21.47573548061562,5.0,5.0
4509,7.535162925720215,9592,23.744470707593997,5.0,5.0
4510,7.536536693572998,9592,28.995576566075197,5.0,5.0
4511,7.537860870361328,9592,33.19646125286016,5.0,5.0
4514,7.541511058807373,9592,26.996588161464405,5.0,5.0
4518,7.550809621810913,9592,27.27781642333722,5.0,5.0
4519,7.552101135253906,9592,31.82225313866978,5.0,5.0
4520,7.553276777267456,9592,25.457802510935824,5.0,5.0
4525,7.55942964553833,9592,20.427515908479315,5.0,5.0
4526,7.5606958866119385,9592,26.34201272678345,5.0,5.0
4527,7.561974048614502,9592,31.073610181426762,5.0,5.0
4530,7.567636251449585,9592,24.85888814514141,5.0,5.0
4540,7.585617303848267,9592,12.727750730312403,5.0,5.0
4541,7.587008476257324,9592,20.182200584249923,5.0,5.0
4543,7.589449644088745,9592,26.14576046739994,5.0,5.0
4550,7.59770941734314,9592,13.38662935930877,5.0,5.0
4551,7.599076509475708,9592,20.709303487447016,5.0,5.0
4560,7.614023923873901,9592,16.78602456676664,5.0,5.0
4562,7.616502046585083,9592,23.428819653413314,5.0,5.0
4569,7.62716817855835,9592,16.14172449922438,5.0,5.0
4570,7.63048791885376,9592,16.14172449922438,5.0,5.0
4578,7.644421100616455,9592,16.611650354882308,5.0,5.0
4580,7.646271228790283,9592,16.611650354882308,5.0,5.0
4585,7.656481981277466,9592,16.804131985359795,5.0,5.0
4587,7.661407709121704,9592,23.443305588287835,5.0,5.0
4588,7.662783622741699,9592,28.754644470630268,5.0,5.0
4590,7.667262077331543,9592,23.003715576504217,5.0,5.0
4598,7.681133270263672,9592,21.777902375170157,5.0,5.0
4600,7.683220148086548,9592,13.937857520108901,5.0,5.0
4610,7.696511745452881,9592,5.708946440236608,5.0,5.0
4616,7.710971355438232,9592,14.0,5.0,5.0
4617,7.712420225143433,9592,21.200000000000003,5.0,5.0
4620,7.718387603759766,9592,16.960000000000004,5.0,5.0
4630,7.737406253814697,9592,5.557452800000004,5.0,5.0
4637,7.745619773864746,9592,14.0,5.0,5.0
4640,7.75141167640686,9592,11.200000000000001,5.0,5.0
4642,7.753821611404419,9592,17.168,5.0,5.0
4644,7.756519079208374,9592,20.987520000000004,5.0,5.0
4645,7.757926940917969,9592,26.790016000000005,5.0,5.0
4648,7.761825323104858,9592,27.145610240000007,5.0,5.0
4649,7.763182640075684,9592,31.716488192000007,5.0,5.0
4650,7.764535188674927,9592,35.37319055360001,5.0,5.0
4651,7.76585054397583,9592,38.29855244288001,5.0,5.0
4653,7.768589973449707,9592,34.511073563443205,5.0,5.0
4654,7.770016670227051,9592,37.608858850754565,5.0,5.0
4655,7.771396636962891,9592,40.08708708060365,5.0,5.0
4657,7.773908376693726,9592,35.65573573158634,5.0,5.0
4658,7.775325775146484,9592,38.52458858526907,5.0,5.0
4659,7.782487154006958,9592,40.819670868215255,5.0,5.0
4660,7.7844460010528564,9592,32.655736694572205,5.0,5.0
4661,7.786056041717529,9592,36.12458935565776,5.0,5.0
4663,7.788594722747803,9592,33.11973718762097,5.0,5.0
4666,7.794628620147705,9592,31.196631800077423,5.0,5.0
4669,7.80070948600769,9592,29.965844352049555,5.0,5.0
4670,7.804026365280151,9592,29.965844352049555,5.0,5.0
4672,7.806864023208618,9592,29.178140385311718,5.0,5.0
4680,7.821113586425781,9592,11.95136630182368,5.0,5.0
4686,7.836291074752808,9592,16.119099546533725,5.0,5.0
4687,7.837764024734497,9592,22.89527963722698,5.0,5.0
4690,7.841299533843994,9592,14.65297896782527,5.0,5.0
4693,7.847791433334351,9592,19.377906539408173,5.0,5.0
4697,7.854916572570801,9592,22.40186018522123,5.0,5.0
4700,7.8606178760528564,9592,17.921488148176987,5.0,5.0
4701,7.86212420463562,9592,24.33719051854159,5.0,5.0
4704,7.865847110748291,9592,25.57580193186662,5.0,5.0
4710,7.87744665145874,9592,10.475848471292572,5.0,5.0
4716,7.887149095535278,9592,14.290907533841438,5.0,5.0
4717,7.888474225997925,9592,21.43272602707315,5.0,5.0
4719,7.890970230102539,9592,27.146180821658522,5.0,5.0
4720,7.892017841339111,9592,27.146180821658522,5.0,5.0
4725,7.902601003646851,9592,27.373555725861458,5.0,5.0
4728,7.906687021255493,9592,24.01526053164107,5.0,5.0
4730,7.911534547805786,9592,29.212208425312856,5.0,5.0
4731,7.912906646728516,9592,33.369766740250284,5.0,5.0
4733,7.915116310119629,9592,36.69581339220023,5.0,5.0
4739,7.926806449890137,9592,33.485320571008145,5.0,5.0
4740,7.928222179412842,9592,36.78825645680652,5.0,5.0
4741,7.929559230804443,9592,39.430605165445215,5.0,5.0
4743,7.93217134475708,9592,35.23558730588494,5.0,5.0
4745,7.9348671436309814,9592,32.55077587576636,5.0,5.0
4746,7.936270236968994,9592,36.04062070061309,5.0,5.0
4747,7.93760871887207,9592,38.83249656049047,5.0,5.0
4750,7.94088888168335,9592,19.882238238971127,5.0,5.0
4751,7.942326545715332,9592,25.905790591176903,5.0,5.0
4754,7.945828437805176,9592,23.263764782682575,5.0,5.0
4760,7.95468282699585,9592,9.528838054986783,5.0,5.0
4770,7.973820447921753,9592,14.878765084153233,5.0,5.0
4778,7.984800338745117,9592,14.875473742775334,5.0,5.0
4780,7.9870827198028564,9592,14.875473742775334,5.0,5.0
4781,7.9885265827178955,9592,21.90037899422027,5.0,5.0
4783,7.991078853607178,9592,24.016242556300973,5.0,5.0
4790,8.001489400863647,9592,9.837052951060882,5.0,5.0
4791,8.002866744995117,9592,17.869642360848704,5.0,5.0
4800,8.02519679069519,9592,9.149256888754538,5.0,5.0
4801,8.0266592502594,9592,17.31940551100363,5.0,5.0
4803,8.029208898544312,9592,21.084419527042325,5.0,5.0
4807,8.036608695983887,9592,20.79522279784567,5.0,5.0
4809,8.039145469665527,9592,23.308942590621232,5.0,5.0
4810,8.040263891220093,9592,23.308942590621232,5.0,5.0
4820,8.058106899261475,9592,11.93417860639807,5.0,5.0
4827,8.069125652313232,9592,16.110299446475814,5.0,5.0
4828,8.07050609588623,9592,22.888239557180654,5.0,5.0
4829,8.071831941604614,9592,28.310591645744523,5.0,5.0
4830,8.072572708129883,9592,22.64847331659562,5.0,5.0
4835,8.083258867263794,9592,21.59601833809696,5.0,5.0
4840,8.098974466323853,9592,17.27681467047757,5.0,5.0
4847,8.107860565185547,9592,15.661266631222091,5.0,5.0
4848,8.109185695648193,9592,22.529013304977674,5.0,5.0
4850,8.111428499221802,9592,24.41856851518571,5.0,5.0
4851,8.112791776657104,9592,29.53485481214857,5.0,5.0
4855,8.118034839630127,9592,22.097476531056053,5.0,5.0
4860,8.12667727470398,9592,21.313907983900698,5.0,5.0
4870,8.145585536956787,9592,6.9841413681645825,5.0,5.0
4880,8.164334535598755,9592,5.0,5.0,5.0
4886,8.171286582946777,9592,14.0,5.0,5.0
4890,8.175643920898438,9592,8.96,5.0,5.0
4898,8.194506883621216,9592,15.7344,5.0,5.0
4899,8.195851564407349,9592,22.58752,5.0,5.0
4900,8.196905851364136,9592,22.58752,5.0,5.0
4902,8.199407815933228,9592,28.070016000000003,5.0,5.0
4905,8.20287537574768,9592,24.371848192,5.0,5.0
4910,8.213301658630371,9592,15.597982842880004,5.0,5.0
4912,8.216030359268188,9592,19.982709019443206,5.0,5.0
4920,8.234736442565918,9592,8.18491761436394,5.0,5.0
4924,8.241794347763062,9592,16.54793409149115,5.0,5.0
4926,8.2445969581604,9592,20.59067781855434,5.0,5.0
4930,8.258020877838135,9592,23.178033803874776,5.0,5.0
4936,8.2684907913208,9592,17.59497811685369,5.0,5.0
4940,8.281099081039429,9592,14.075982493482952,5.0,5.0
4941,8.282687187194824,9592,21.26078599478636,5.0,5.0
4943,8.28541350364685,9592,23.606903036663272,5.0,5.0
4944,8.28679871559143,9592,28.885522429330617,5.0,5.0
4945,8.28817343711853,9592,33.108417943464495,5.0,5.0
4946,8.28960633277893,9592,36.4867343547716,5.0,5.0
4948,8.292179584503174,9592,33.35150998705383,5.0,5.0
4950,8.29696011543274,9592,26.681207989643067,5.0,5.0
4953,8.300931692123413,9592,23.660778490697254,5.0,5.0
4955,8.303592681884766,9592,25.142898234046243,5.0,5.0
4956,8.305034160614014,9592,30.114318587236994,5.0,5.0
4958,8.307631492614746,9592,29.27316389583168,5.0,5.0
4960,8.310259103775024,9592,33.41853111666535,5.0,5.0
4969,8.32100534439087,9592,18.760467421047125,5.0,5.0
4970,8.322215795516968,9592,15.0083739368377,5.0,5.0
4975,8.328760385513306,9592,14.917943971622979,5.0,5.0
4976,8.330159664154053,9592,21.934355177298386,5.0,5.0
4978,8.332343816757202,9592,24.037987313470968,5.0,5.0
4980,8.337028980255127,9592,19.230389850776774,5.0,5.0
4990,8.353059768676758,9592,9.84595960359771,5.0,5.0
4991,8.354471921920776,9592,17.876767682878167,5.0,5.0
4992,8.35590672492981,9592,24.301414146302534,5.0,5.0
4995,8.35967469215393,9592,22.442324042906897,5.0,5.0
4998,8.36586880683899,9592,24.363087387460414,5.0,5.0
5000,8.370457172393799,9592,24.363087387460414,5.0,5.0
5002,8.37297773361206,9592,29.490469909968333,5.0,5.0
5003,8.374289989471436,9592,33.59237592797467,5.0,5.0
5004,8.375673294067383,9592,36.87390074237974,5.0,5.0
5005,8.377046346664429,9592,39.4991205939038,5.0,5.0
5008,8.38104248046875,9592,30.22354974407875,5.0,5.0
5010,8.383004903793335,9592,19.343071836210402,5.0,5.0
5013,8.388918161392212,9592,25.474457468968325,5.0,5.0
5015,8.391429424285889,9592,30.37956597517466,5.0,5.0
5020,8.398019790649414,9592,15.554337779289426,5.0,5.0
5030,8.416166543960571,9592,6.3710567543969505,5.0,5.0
5038,8.434447526931763,9592,14.0,5.0,5.0
5039,8.43623399734497,9592,21.200000000000003,5.0,5.0
5040,8.437521696090698,9592,16.960000000000004,5.0,5.0
5048,8.451127290725708,9592,15.557452800000004,5.0,5.0
5049,8.452592849731445,9592,22.445962240000004,5.0,5.0
5050,8.45382809638977,9592,17.956769792000003,5.0,5.0
5056,8.471419095993042,9592,21.492332666880003,5.0,5.0
5057,8.473726511001587,9592,27.193866133504002,5.0,5.0
5060,8.484930992126465,9592,21.755092906803203,5.0,5.0
5061,8.486643075942993,9592,27.40407432544256,5.0,5.0
5062,8.488131523132324,9592,31.92325946035405,5.0,5.0
5066,8.492507696151733,9592,23.07576707496102,5.0,5.0
5069,8.498449087142944,9592,24.768490927975055,5.0,5.0
5070,8.5029456615448,9592,24.768490927975055,5.0,5.0
5071,8.50494384765625,9592,29.814792742380046,5.0,5.0
5073,8.512407779693604,9592,33.85183419390404,5.0,5.0
5075,8.516046285629272,9592,31.66517388409859,5.0,5.0
5080,8.529934883117676,9592,25.332139107278874,5.0,5.0
5082,8.53221607208252,9592,26.212569028658482,5.0,5.0
5083,8.533565998077393,9592,30.97005522292679,5.0,5.0
5087,8.538254976272583,9592,22.685334619310815,5.0,5.0
5090,8.546286582946777,9592,18.148267695448652,5.0,5.0
5100,8.562700271606445,9592,5.946824358444616,5.0,5.0
5106,8.574852466583252,9592,14.0,5.0,5.0
5110,8.588849067687988,9592,8.96,5.0,5.0
5113,8.595407485961914,9592,15.7344,5.0,5.0
5116,8.604160785675049,9592,22.58752,5.0,5.0
5119,8.612792491912842,9592,28.070016000000003,5.0,5.0
5120,8.613889455795288,9592,28.070016000000003,5.0,5.0
5124,8.618524551391602,9592,24.371848192,5.0,5.0
5127,8.622369766235352,9592,25.597982842880004,5.0,5.0
5128,8.623707294464111,9592,30.478386274304004,5.0,5.0
5130,8.625669717788696,9592,24.382709019443205,5.0,5.0
5131,8.627091646194458,9592,29.506167215554566,5.0,5.0
5132,8.628473997116089,9592,33.60493377244366,5.0,5.0
5136,8.636926889419556,9592,27.205726091491155,5.0,5.0
5139,8.640977621078491,9592,23.929331758843475,5.0,5.0
5140,8.64460563659668,9592,23.929331758843475,5.0,5.0
5141,8.646122455596924,9592,29.143465407074782,5.0,5.0
5142,8.64753532409668,9592,33.31477232565983,5.0,5.0
5148,8.65841555595398,9592,20.91658459567222,5.0,5.0
5150,8.660785913467407,9592,16.733267676537775,5.0,5.0
5154,8.668376684188843,9592,20.709291312984178,5.0,5.0
5160,8.677247047424316,9592,20.603157152247903,5.0,5.0
5168,8.689725160598755,9592,16.751242535648593,5.0,5.0
5170,8.692295551300049,9592,23.400994028518873,5.0,5.0
5172,8.694747686386108,9592,28.7207952228151,5.0,5.0
5174,8.697372436523438,9592,28.381308942601663,5.0,5.0
5178,8.704923391342163,9592,28.164037723265064,5.0,5.0
5179,8.706331253051758,9592,32.53123017861205,5.0,5.0
5180,8.707515239715576,9592,26.02498414288964,5.0,5.0
5182,8.710149765014648,9592,26.655989851449373,5.0,5.0
5184,8.712661504745483,9592,31.3247918811595,5.0,5.0
5185,8.713956594467163,9592,35.059833504927596,5.0,5.0
5187,8.718946695327759,9592,38.04786680394208,5.0,5.0
5190,8.722765684127808,9592,29.480507803618348,5.0,5.0
5191,8.724144697189331,9592,33.58440624289468,5.0,5.0
5193,8.726790428161621,9592,31.494019995452597,5.0,5.0
5195,8.729411363601685,9592,30.156172797089667,5.0,5.0
5196,8.7308509349823,9592,34.124938237671735,5.0,5.0
5199,8.73407244682312,9592,37.299950590137385,5.0,5.0
5200,8.737571954727173,9592,37.299950590137385,5.0,5.0
5210,8.74936056137085,9592,7.822366598000781,5.0,5.0
5213,8.755146026611328,9592,16.257893278400626,5.0,5.0
5220,8.768900871276855,9592,15.327386469466319,5.0,5.0
5225,8.779441356658936,9592,22.261909175573056,5.0,5.0
5227,8.78208065032959,9592,24.247621872366757,5.0,5.0
5230,8.785430192947388,9592,19.398097497893406,5.0,5.0
5231,8.786834001541138,9592,25.518477998314726,5.0,5.0
5234,8.792261123657227,9592,26.331825918921425,5.0,5.0
5238,8.79722285270691,9592,23.48189487048777,5.0,5.0
5240,8.8019859790802,9592,18.78551589639022,5.0,5.0
5250,8.816452741622925,9592,5.0,5.0,5.0
5259,8.834222793579102,9592,14.0,5.0,5.0
5260,8.835403680801392,9592,11.200000000000001,5.0,5.0
5262,8.84008502960205,9592,18.96,5.0,5.0
5266,8.847080945968628,9592,22.1344,5.0,5.0
5270,8.854376554489136,9592,24.166016,5.0,5.0
5279,8.87446904182434,9592,19.8984001536,5.0,5.0
5280,8.875349044799805,9592,15.918720122880002,5.0,5.0
5288,8.892544984817505,9592,15.216246209865322,5.0,5.0
5290,8.894655466079712,9592,9.738397574313808,5.0,5.0
5296,8.901917219161987,9592,16.232574447560836,5.0,5.0
5298,8.904648303985596,9592,20.388847646438936,5.0,5.0
5300,8.907392978668213,9592,23.04886249372092,5.0,5.0
5301,8.908745288848877,9592,28.439089994976737,5.0,5.0
5308,8.919671773910522,9592,21.648651261942476,5.0,5.0
5310,8.922283411026001,9592,27.318921009553982,5.0,5.0
5313,8.925662279129028,9592,27.48410944611455,5.0,5.0
5316,8.929558753967285,9592,24.071864036410652,5.0,5.0
5318,8.932181358337402,9592,25.405992983302816,5.0,5.0
5320,8.937536001205444,9592,30.324794386642253,5.0,5.0
5325,8.943326473236084,9592,25.526294725960838,5.0,5.0
5330,8.949246883392334,9592,13.06946289969195,5.0,5.0
5340,8.972492456436157,9592,5.353252003713824,5.0,5.0
5343,8.976392269134521,9592,14.0,5.0,5.0
5348,8.985352993011475,9592,17.168,5.0,5.0
5350,8.988083839416504,9592,23.7344,5.0,5.0
5352,8.993428945541382,9592,28.98752,5.0,5.0
5359,9.004244089126587,9592,24.84161024,5.0,5.0
5360,9.005552768707275,9592,19.873288192000004,5.0,5.0
5366,9.015984773635864,9592,18.140098843443205,5.0,5.0
5368,9.01864743232727,9592,21.609663259803654,5.0,5.0
5370,9.021167993545532,9592,27.287730607842924,5.0,5.0
5378,9.03122854232788,9592,18.94164356557797,5.0,5.0
5380,9.036559343338013,9592,15.153314852462376,5.0,5.0
5385,9.045536041259766,9592,19.69812150557592,5.0,5.0
5390,9.054344177246094,9592,12.60679776356859,5.0,5.0
5394,9.061431169509888,9592,16.45468045494712,5.0,5.0
5399,9.070609331130981,9592,16.739837114346344,5.0,5.0
5400,9.071725606918335,9592,16.739837114346344,5.0,5.0
5401,9.073209762573242,9592,23.391869691477076,5.0,5.0
5410,9.08621597290039,9592,6.132038288402568,5.0,5.0
5413,9.092692852020264,9592,14.0,5.0,5.0
5415,9.097811460494995,9592,21.200000000000003,5.0,5.0
5419,9.105099201202393,9592,23.568000000000005,5.0,5.0
5420,9.105931520462036,9592,18.854400000000005,5.0,5.0
5427,9.114659070968628,9592,16.178209792000004,5.0,5.0
5430,9.120966911315918,9592,22.942567833600002,5.0,5.0
5436,9.131070375442505,9592,17.517820627714052,5.0,5.0
5439,9.134915828704834,9592,21.211405201736994,5.0,5.0
5440,9.136300325393677,9592,26.969124161389598,5.0,5.0
5441,9.137690782546997,9592,31.57529932911168,5.0,5.0
5442,9.139115571975708,9592,35.260239463289345,5.0,5.0
5450,9.1480712890625,9592,7.394608171091619,5.0,5.0
5460,9.175419569015503,9592,5.0,5.0,5.0
5470,9.206364154815674,9592,5.0,5.0,5.0
5474,9.214142084121704,9592,14.0,5.0,5.0
5480,9.226583480834961,9592,7.168000000000001,5.0,5.0
5490,9.25236964225769,9592,5.0,5.0,5.0
5491,9.253840684890747,9592,14.0,5.0,5.0
5497,9.264273405075073,9592,15.7344,5.0,5.0
5500,9.272517204284668,9592,15.7344,5.0,5.0
5507,9.283599615097046,9592,16.444810240000002,5.0,5.0
5510,9.289262294769287,9592,13.155848192000002,5.0,5.0
5513,9.295453548431396,9592,20.524678553600005,5.0,5.0
5515,9.29808259010315,9592,23.135794274304004,5.0,5.0
5519,9.308463335037231,9592,28.508635419443205,5.0,5.0
5520,9.309689998626709,9592,22.806908335554567,5.0,5.0
5522,9.31483244895935,9592,28.245526668443656,5.0,5.0
5525,9.321519613265991,9592,32.59642133475492,5.0,5.0
5526,9.32295536994934,9592,36.07713706780394,5.0,5.0
5530,9.327550888061523,9592,14.777195342972497,5.0,5.0
5535,9.333415508270264,9592,16.052739212481537,5.0,5.0
5536,9.334834575653076,9592,22.84219136998523,5.0,5.0
5540,9.341518878936768,9592,18.273753095988184,5.0,5.0
5546,9.349025011062622,9592,17.484929268116762,5.0,5.0
5547,9.350440979003906,9592,23.987943414493408,5.0,5.0
5550,9.354107141494751,9592,15.352283785275782,5.0,5.0
5556,9.365440845489502,9592,16.288295438448962,5.0,5.0
5560,9.373219013214111,9592,8.339607264485869,5.0,5.0
5570,9.388163805007935,9592,14.0,5.0,5.0
5573,9.3920738697052,9592,18.96,5.0,5.0
5574,9.394649505615234,9592,25.168,5.0,5.0
5580,9.405506372451782,9592,8.247050240000002,5.0,5.0
5581,9.40694260597229,9592,16.597640192,5.0,5.0
5582,9.40835165977478,9592,23.2781121536,5.0,5.0
5583,9.409671068191528,9592,28.62248972288,5.0,5.0
5584,9.411008596420288,9592,32.897991778304004,5.0,5.0
5586,9.41356897354126,9592,31.054714738114566,5.0,5.0
5590,9.420570135116577,9592,15.90001394591466,5.0,5.0
5600,9.440815687179565,9592,6.512645712246647,5.0,5.0
5602,9.445690393447876,9592,15.210116569797318,5.0,5.0
5610,9.459566354751587,9592,7.787579683736228,5.0,5.0
5613,9.464731216430664,9592,14.984050997591186,5.0,5.0
5616,9.470661163330078,9592,19.589792638458363,5.0,5.0
5620,9.477736949920654,9592,10.029973830890683,5.0,5.0
5623,9.481687307357788,9592,16.419183251770036,5.0,5.0
5628,9.498237133026123,9592,20.508277281132827,5.0,5.0
5630,9.50097918510437,9592,23.12529745992501,5.0,5.0
5634,9.506196975708008,9592,21.84015229948161,5.0,5.0
5636,9.508896589279175,9592,23.97769747166823,5.0,5.0
5640,9.516507625579834,9592,15.345726381867667,5.0,5.0
5650,9.532805681228638,9592,5.028487620810399,5.0,5.0
5651,9.534229516983032,9592,14.022790096648318,5.0,5.0
5652,9.535680294036865,9592,21.218232077318653,5.0,5.0
5659,9.552664279937744,9592,20.86373482358715,5.0,5.0
5660,9.553934097290039,9592,16.690987858869722,5.0,5.0
5661,9.555424928665161,9592,23.35279028709578,5.0,5.0
5664,9.559389591217041,9592,21.95662862699304,5.0,5.0
5666,9.56205677986145,9592,24.052242321275546,5.0,5.0
5667,9.563462734222412,9592,29.24179385702044,5.0,5.0
5669,9.569055080413818,9592,33.39343508561635,5.0,5.0
5670,9.569937705993652,9592,26.714748068493083,5.0,5.0
5674,9.57405948638916,9592,31.37179845479447,5.0,5.0
5676,9.579609870910645,9592,35.09743876383558,5.0,5.0
5680,9.584603548049927,9592,17.969888647083817,5.0,5.0
5683,9.588520526885986,9592,19.200582987306916,5.0,5.0
5690,9.60138750076294,9592,9.830698489501144,5.0,5.0
5692,9.603968143463135,9592,17.864558791600913,5.0,5.0
5699,9.615632057189941,9592,17.317323281039734,5.0,5.0
5700,9.616823196411133,9592,13.853858624831787,5.0,5.0
5702,9.621790409088135,9592,21.083086899865428,5.0,5.0
5705,9.626934051513672,9592,20.7945404927311,5.0,5.0
5707,9.629660367965698,9592,23.308505915347908,5.0,5.0
5708,9.631055116653442,9592,28.646804732278326,5.0,5.0
5710,9.63580584526062,9592,22.917443785822663,5.0,5.0
5711,9.637257099151611,9592,28.33395502865813,5.0,5.0
5712,9.638760328292847,9592,32.66716402292651,5.0,5.0
5716,9.643930435180664,9592,23.3804703837907,5.0,5.0
5720,9.653197050094604,9592,14.96350104562605,5.0,5.0
5730,9.667973041534424,9592,14.0,5.0,5.0
5734,9.675105333328247,9592,21.200000000000003,5.0,5.0
5735,9.676467418670654,9592,26.960000000000004,5.0,5.0
5740,9.683024406433105,9592,21.042816000000002,5.0,5.0
5741,9.68436574935913,9592,26.8342528,5.0,5.0
5746,9.692549705505371,9592,23.7391374336,5.0,5.0
5747,9.693966388702393,9592,28.99130994688,5.0,5.0
5748,9.69533395767212,9592,33.19304795750401,5.0,5.0
5750,9.698004484176636,9592,31.243550692802568,5.0,5.0
5751,9.699299573898315,9592,34.99484055424206,5.0,5.0
5754,9.70308518409729,9592,32.396697954714924,5.0,5.0
5760,9.714576005935669,9592,13.269687482251236,5.0,5.0
5765,9.725088834762573,9592,20.61574998580099,5.0,5.0
5770,9.733415126800537,9592,13.194079990912634,5.0,5.0
5772,9.73630142211914,9592,18.444211194184085,5.0,5.0
5777,9.74210000038147,9592,21.804295164277818,5.0,5.0
5780,9.745899200439453,9592,21.163799124110245,5.0,5.0
5781,9.747261762619019,9592,26.931039299288198,5.0,5.0
5783,9.749466896057129,9592,27.23586515154445,5.0,5.0
5790,9.761619567871094,9592,18.924648292858087,5.0,5.0
5792,9.766573429107666,9592,25.13971863428647,5.0,5.0
5793,9.767955541610718,9592,30.11177490742918,5.0,5.0
5798,9.784412622451782,9592,25.41722875260374,5.0,5.0
5800,9.789008140563965,9592,20.333783002082995,5.0,5.0
5801,9.790520429611206,9592,26.267026401666396,5.0,5.0
5807,9.800774335861206,9592,18.607179211298046,5.0,5.0
5808,9.802303791046143,9592,24.885743369038437,5.0,5.0
5810,9.804914951324463,9592,25.9268757561846,5.0,5.0
5820,9.826784372329712,9592,10.619648309733215,5.0,5.0
5821,9.828258037567139,9592,18.495718647786575,5.0,5.0
5822,9.82973575592041,9592,24.79657491822926,5.0,5.0
5825,9.836110353469849,9592,29.83725993458341,5.0,5.0
5826,9.837524175643921,9592,33.86980794766673,5.0,5.0
5830,9.84249210357666,9592,13.873073335364296,5.0,5.0
5840,9.85791826248169,9592,5.0,5.0,5.0
5842,9.86006212234497,9592,14.0,5.0,5.0
5843,9.861451625823975,9592,21.200000000000003,5.0,5.0
5844,9.862817525863647,9592,26.960000000000004,5.0,5.0
5847,9.86678671836853,9592,23.803520000000006,5.0,5.0
5850,9.872898817062378,9592,15.234252800000005,5.0,5.0
5854,9.882793426513672,9592,19.749921792000002,5.0,5.0
5855,9.884224891662598,9592,25.7999374336,5.0,5.0
5860,9.892971754074097,9592,23.2095679660032,5.0,5.0
5863,9.896885395050049,9592,21.883298798593643,5.0,5.0
5866,9.900870323181152,9592,21.204248984879946,5.0,5.0
5870,9.910831689834595,9592,16.963399187903956,5.0,5.0
5873,9.91718053817749,9592,20.856575480258535,5.0,5.0
5876,9.921325445175171,9592,20.67856664589237,5.0,5.0
5880,9.926355600357056,9592,10.587426122696897,5.0,5.0
5881,9.927754163742065,9592,18.469940898157517,5.0,5.0
5888,9.940932035446167,9592,19.456609739856653,5.0,5.0
5890,9.942917823791504,9592,15.565287791885323,5.0,5.0
5891,9.944339752197266,9592,22.45223023350826,5.0,5.0
5893,9.946946382522583,9592,24.36942734944529,5.0,5.0
5897,9.951997756958008,9592,19.981717442332794,5.0,5.0
5900,9.95527172088623,9592,12.78829916309299,5.0,5.0
5901,9.956710577011108,9592,20.230639330474393,5.0,5.0
5902,9.958177328109741,9592,26.184511464379515,5.0,5.0
5903,9.959685802459717,9592,30.947609171503615,5.0,5.0
5907,9.964330673217773,9592,29.806469869762317,5.0,5.0
5910,9.970503091812134,9592,23.845175895809856,5.0,5.0
5911,9.971999406814575,9592,29.076140716647885,5.0,5.0
5920,9.985890626907349,9592,19.527669790031183,5.0,5.0
5927,10.003434658050537,9592,19.99816693249597,5.0,5.0
5930,10.006739139556885,9592,15.998533545996777,5.0,5.0
5939,10.023279428482056,9592,18.191249175550354,5.0,5.0
5940,10.024399757385254,9592,18.191249175550354,5.0,5.0
5942,10.029294729232788,9592,24.552999340440284,5.0,5.0
5943,10.030689716339111,9592,29.642399472352228,5.0,5.0
5946,10.034594297409058,9592,25.17690852984434,5.0,5.0
5947,10.03617525100708,9592,30.141526823875473,5.0,5.0
5948,10.037515640258789,9592,34.11322145910038,5.0,5.0
5950,10.04177474975586,9592,27.290577167280304,5.0,5.0
5952,10.043953895568848,9592,27.4659693870594,5.0,5.0
5960,10.058261632919312,9592,11.250061060939533,5.0,5.0
5967,10.07282018661499,9592,15.760031263201043,5.0,5.0
5968,10.074284315109253,9592,22.608025010560837,5.0,5.0
5970,10.077010154724121,9592,24.469136006758937,5.0,5.0
5972,10.079690933227539,9592,25.660247044325722,5.0,5.0
5977,10.086290121078491,9592,18.408349751484657,5.0,5.0
5979,10.088533163070679,9592,21.781343840950182,5.0,5.0
5980,10.089739084243774,9592,17.425075072760148,5.0,5.0
5981,10.09113335609436,9592,23.940060058208118,5.0,5.0
5982,10.092490196228027,9592,29.152048046566495,5.0,5.0
5983,10.09382438659668,9592,33.3216384372532,5.0,5.0
5990,10.105007886886597,9592,8.735067586495306,5.0,5.0
5992,10.109906435012817,9592,16.988054069196245,5.0,5.0
5994,10.112614631652832,9592,20.872354604285597,5.0,5.0
5996,10.11525583267212,9592,23.358306946742786,5.0,5.0
6000,10.125619411468506,9592,14.949316445915384,5.0,5.0
6005,10.13458514213562,9592,17.654050020308677,5.0,5.0
6007,10.139726161956787,9592,24.123240016246942,5.0,5.0
6009,10.145216941833496,9592,29.298592012997556,5.0,5.0
6010,10.146525621414185,9592,23.438873610398048,5.0,5.0
6011,10.148017644882202,9592,28.751098888318438,5.0,5.0
6015,10.153375387191772,9592,21.776450104655233,5.0,5.0
6017,10.156028747558594,9592,23.93692806697935,5.0,5.0
6018,10.157464027404785,9592,29.14954245358348,5.0,5.0
6020,10.160216808319092,9592,28.65570717029343,5.0,5.0
6023,10.166749238967896,9592,28.339652588987796,5.0,5.0
6024,10.168205738067627,9592,32.67172207119024,5.0,5.0
6025,10.169587850570679,9592,36.1373776569522,5.0,5.0
6030,10.175893068313599,9592,14.801869888287621,5.0,5.0
6031,10.177417278289795,9592,21.841495910630098,5.0,5.0
6032,10.178813695907593,9592,27.473196728504078,5.0,5.0
6035,10.185068607330322,9592,31.978557382803263,5.0,5.0
6040,10.195439338684082,9592,16.373021379995272,5.0,5.0
6046,10.204939842224121,9592,18.38298694655758,5.0,5.0
6050,10.217638969421387,9592,11.765111645796852,5.0,5.0
6052,10.222703218460083,9592,17.529671453309987,5.0,5.0
6053,10.22421145439148,9592,24.02373716264799,5.0,5.0
6054,10.225530624389648,9592,29.218989730118395,5.0,5.0
6055,10.227378129959106,9592,33.37519178409472,5.0,5.0
6057,10.230107069015503,9592,31.36012274182062,5.0,5.0
6058,10.23153829574585,9592,35.0880981934565,5.0,5.0
6060,10.234075784683228,9592,38.0704785547652,5.0,5.0
6062,10.236366271972656,9592,34.36510627504973,5.0,5.0
6070,10.247928380966187,9592,7.206885135493313,5.0,5.0
6078,10.26839804649353,9592,14.61240648671572,5.0,5.0
6080,10.270816802978516,9592,11.689925189372577,5.0,5.0
6081,10.272355794906616,9592,19.351940151498063,5.0,5.0
6082,10.27372670173645,9592,25.48155212119845,5.0,5.0
6086,10.28112006187439,9592,26.30819335756701,5.0,5.0
6089,10.287099599838257,9592,31.04655468605361,5.0,5.0
6090,10.28851842880249,9592,34.837243748842894,5.0,5.0
6094,10.293630123138428,9592,24.269335039526048,5.0,5.0
6098,10.300835371017456,9592,25.532374425296673,5.0,5.0
6100,10.303528070449829,9592,16.34071963218987,5.0,5.0
6103,10.31390118598938,9592,23.072575705751895,5.0,5.0
6104,10.315444707870483,9592,28.458060564601517,5.0,5.0
6110,10.32521104812622,9592,11.656421607260782,5.0,5.0
6116,10.33521032333374,9592,15.968087862917521,5.0,5.0
6118,10.337991952896118,9592,20.219576232267215,5.0,5.0
6120,10.342968225479126,9592,16.175660985813774,5.0,5.0
6124,10.348015546798706,9592,22.940528788651022,5.0,5.0
6126,10.35082197189331,9592,24.681938424736657,5.0,5.0
6130,10.360534429550171,9592,24.681938424736657,5.0,5.0
6131,10.362176418304443,9592,29.745550739789326,5.0,5.0
6132,10.363621711730957,9592,33.79644059183146,5.0,5.0
6134,10.368720769882202,9592,37.03715247346517,5.0,5.0
6136,10.371434926986694,9592,33.70377758301771,5.0,5.0
6137,10.37358546257019,9592,36.96302206641417,5.0,5.0
6138,10.375009536743164,9592,39.57041765313134,5.0,5.0
6140,10.37747597694397,9592,25.325067298004058,5.0,5.0
6141,10.378942251205444,9592,30.26005383840325,5.0,5.0
6150,10.397474527359009,9592,12.394518052209973,5.0,5.0
6160,10.419010639190674,9592,6.345993242731507,5.0,5.0
6164,10.426432132720947,9592,14.061435675348164,5.0,5.0
6170,10.442879676818848,9592,7.199455065778261,5.0,5.0
6180,10.464485168457031,9592,5.0,5.0,5.0
6182,10.469666719436646,9592,14.0,5.0,5.0
6187,10.478822708129883,9592,17.168,5.0,5.0
6189,10.483956336975098,9592,23.7344,5.0,5.0
6190,10.485232591629028,9592,18.98752,5.0,5.0
6191,10.486730098724365,9592,25.190016,5.0,5.0
6195,10.494846105575562,9592,26.121610240000003,5.0,5.0
6200,10.506219387054443,9592,13.374264442880005,5.0,5.0
6210,10.52587628364563,9592,5.0,5.0,5.0
6220,10.548341751098633,9592,5.0,5.0,5.0
6223,10.557111024856567,9592,14.0,5.0,5.0
6224,10.558573246002197,9592,21.200000000000003,5.0,5.0
6226,10.563556909561157,9592,26.960000000000004,5.0,5.0
6228,10.566328763961792,9592,27.254400000000004,5.0,5.0
6230,10.57085633277893,9592,21.803520000000006,5.0,5.0
6231,10.572416067123413,9592,27.442816000000004,5.0,5.0
6232,10.5739586353302,9592,31.954252800000006,5.0,5.0
6235,10.580397844314575,9592,35.56340224,5.0,5.0
6236,10.581884622573853,9592,38.450721792,5.0,5.0
6240,10.58901596069336,9592,19.686769557504007,5.0,5.0
6243,10.592916250228882,9592,22.59953251680257,5.0,5.0
6248,10.603671789169312,9592,24.463700810753643,5.0,5.0
6250,10.606198072433472,9592,15.656768518882334,5.0,5.0
6251,10.607684850692749,9592,22.52541481510587,5.0,5.0
6258,10.619170665740967,9592,19.226409908267364,5.0,5.0
6260,10.6216561794281,9592,15.381127926613892,5.0,5.0
6270,10.639096975326538,9592,6.300109998741052,5.0,5.0
6279,10.650227069854736,9592,14.0,5.0,5.0
6280,10.651485204696655,9592,11.200000000000001,5.0,5.0
6282,10.65659236907959,9592,18.96,5.0,5.0
6284,10.661832809448242,9592,25.168,5.0,5.0
6285,10.663259029388428,9592,30.1344,5.0,5.0
6289,10.668176889419556,9592,22.343050240000004,5.0,5.0
6290,10.669321775436401,9592,22.343050240000004,5.0,5.0
6297,10.6807382106781,9592,17.321370702643204,5.0,5.0
6299,10.68358039855957,9592,21.08567724969165,5.0,5.0
6300,10.684385299682617,9592,16.86854179975332,5.0,5.0
6304,10.694771766662598,9592,20.795866751842127,5.0,5.0
6305,10.696163177490234,9592,26.636693401473703,5.0,5.0
6310,10.705118894577026,9592,17.04748377694317,5.0,5.0
6312,10.707915782928467,9592,23.637987021554537,5.0,5.0
6318,10.721644163131714,9592,22.102649355035926,5.0,5.0
6320,10.726760387420654,9592,27.682119484028743,5.0,5.0
6323,10.730870008468628,9592,24.173245175822718,5.0,5.0
6330,10.745000123977661,9592,15.470876912526542,5.0,5.0
6337,10.755835056304932,9592,15.069496946696699,5.0,5.0
6339,10.75853180885315,9592,19.64447804588589,5.0,5.0
6340,10.761994361877441,9592,19.64447804588589,5.0,5.0
6344,10.769696712493896,9592,22.572465949366972,5.0,5.0
6345,10.77114462852478,9592,28.057972759493577,5.0,5.0
6347,10.77368712425232,9592,32.44637820759486,5.0,5.0
6350,10.776995658874512,9592,16.61254564228857,5.0,5.0
6357,10.793509244918823,9592,16.8044986950814,5.0,5.0
6359,10.796280145645142,9592,20.7548791648521,5.0,5.0
6360,10.79742693901062,9592,20.7548791648521,5.0,5.0
6361,10.798903703689575,9592,26.60390333188168,5.0,5.0
6370,10.812684059143066,9592,18.717567043790993,5.0,5.0
6373,10.815651655197144,9592,21.979242908026237,5.0,5.0
6374,10.817060232162476,9592,27.58339432642099,5.0,5.0
6380,10.82687759399414,9592,9.038526652881634,5.0,5.0
6390,10.850075721740723,9592,5.0,5.0,5.0
6400,10.874478578567505,9592,5.0,5.0,5.0
6410,10.896925449371338,9592,5.0,5.0,5.0
6416,10.904550790786743,9592,14.0,5.0,5.0
6418,10.907267808914185,9592,18.96,5.0,5.0
6420,10.90973711013794,9592,15.168000000000001,5.0,5.0
6423,10.913602113723755,9592,19.707520000000002,5.0,5.0
6430,10.92650818824768,9592,8.072200192000002,5.0,5.0
6440,10.944655656814575,9592,5.0,5.0,5.0
6442,10.947402954101562,9592,14.0,5.0,5.0
6444,10.952717304229736,9592,21.200000000000003,5.0,5.0
6446,10.955477714538574,9592,23.568000000000005,5.0,5.0
6450,10.965476036071777,9592,15.083520000000005,5.0,5.0
6460,10.98033094406128,9592,5.0,5.0,5.0
6466,10.990207433700562,9592,14.0,5.0,5.0
6468,10.992922067642212,9592,18.96,5.0,5.0
6470,10.997712850570679,9592,18.96,5.0,5.0
6472,11.00054407119751,9592,22.1344,5.0,5.0
6475,11.007099151611328,9592,24.166016,5.0,5.0
6480,11.018609523773193,9592,22.373000192,5.0,5.0
6487,11.027583360671997,9592,19.1639808786432,5.0,5.0
6488,11.02897334098816,9592,25.331184702914562,5.0,5.0
6490,11.03377914428711,9592,20.26494776233165,5.0,5.0
6492,11.036166429519653,9592,22.969566567892258,5.0,5.0
6493,11.037618398666382,9592,28.375653254313807,5.0,5.0
6500,11.04616379737854,9592,14.52833446620867,5.0,5.0
6501,11.047691583633423,9592,21.62266757296694,5.0,5.0
6504,11.05157995223999,9592,13.838507246698843,5.0,14.0
6506,11.054117918014526,9592,21.070805797359075,5.0,11.200000000000001
6508,11.056605100631714,9592,26.85664463788726,5.0,8.96
6510,11.061523675918579,9592,26.85664463788726,5.0,7.168000000000001
6511,11.062973260879517,9592,31.48531571030981,5.0,7.168000000000001
6513,11.067875623703003,9592,35.18825256824785,5.0,7.168000000000001
6518,11.07675576210022,9592,28.0163853149429,5.0,5.734400000000001
6520,11.081918001174927,9592,32.41310825195433,5.0,5.734400000000001
6522,11.084666728973389,9592,30.744389281250772,5.0,5.734400000000001
6525,11.088546752929688,9592,29.676409140000498,5.0,5.0
6526,11.089968204498291,9592,33.7411273120004,5.0,5.0
6527,11.091291666030884,9592,36.99290184960032,5.0,5.0
6529,11.093960762023926,9592,33.675457183744214,5.0,5.0
6530,11.095368385314941,9592,36.94036574699537,5.0,5.0
6537,11.108772039413452,9592,22.104619047975447,5.0,5.0
6540,11.111948490142822,9592,14.146956190704287,5.0,5.0
6542,11.114698648452759,9592,19.054051962050742,5.0,5.0
6547,11.123605489730835,9592,19.755674604569982,5.0,5.0
6550,11.131963014602661,9592,15.804539683655987,5.0,5.0
6560,11.148698329925537,9592,8.091924318031866,5.0,5.0
6563,11.155347347259521,9592,16.47353945442549,5.0,5.0
6570,11.163925170898438,9592,6.747561760532682,5.0,5.0
6572,11.166637897491455,9592,14.318439526740917,5.0,5.0
6573,11.168039083480835,9592,21.454751621392735,5.0,5.0
6574,11.169555187225342,9592,27.163801297114187,5.0,5.0
6575,11.171012163162231,9592,31.73104103769135,5.0,5.0
6578,11.174769163131714,9592,30.307866264122467,5.0,5.0
6580,11.177431344985962,9592,29.397034409038383,5.0,5.0
6581,11.178780317306519,9592,33.51762752723071,5.0,5.0
6582,11.180285215377808,9592,36.814102021784564,5.0,5.0
6583,11.181653022766113,9592,39.451281617427654,5.0,5.0
6587,11.186823606491089,9592,30.199056188122963,5.0,5.0
6588,11.188246011734009,9592,34.159244950498376,5.0,5.0
6590,11.190884590148926,9592,31.861916768318963,5.0,5.0
6593,11.194801092147827,9592,26.31330138537931,5.0,5.0
6595,11.199910879135132,9592,31.050641108303452,5.0,5.0
6596,11.201378583908081,9592,34.84051288664276,5.0,5.0
6600,11.213353633880615,9592,17.8383425979611,5.0,5.0
6602,11.218401670455933,9592,24.270674078368877,5.0,5.0
6604,11.220975160598755,9592,29.416539262695103,5.0,5.0
6610,11.22753357887268,9592,9.639211585599934,5.0,5.0
6612,11.23022198677063,9592,16.16909541478396,5.0,5.0
6613,11.231689691543579,9592,22.93527633182717,5.0,5.0
6616,11.237786293029785,9592,24.67857685236939,5.0,5.0
6618,11.242980241775513,9592,29.742861481895513,5.0,5.0
6620,11.245335578918457,9592,23.794289185516412,5.0,5.0
6626,11.252477407455444,9592,19.746140850387526,5.0,5.0
6627,11.253838539123535,9592,25.796912680310022,5.0,5.0
6630,11.257461786270142,9592,13.208019292318733,5.0,5.0
6640,11.277136325836182,9592,5.0,5.0,5.0
6650,11.30001711845398,9592,5.0,5.0,5.0
6660,11.328787565231323,9592,5.0,5.0,5.0
6670,11.348528623580933,9592,5.0,5.0,5.0
6672,11.351219415664673,9592,14.0,5.0,5.0
6675,11.357760190963745,9592,18.96,5.0,5.0
6680,11.366519451141357,9592,9.707520000000002,5.0,5.0
6684,11.37435245513916,9592,16.212812800000002,5.0,5.0
6685,11.375743627548218,9592,22.970250240000002,5.0,5.0
6687,11.377856492996216,9592,28.376200192000002,5.0,5.0
6689,11.383116960525513,9592,32.70096015360001,5.0,5.0
6690,11.384361982345581,9592,26.160768122880008,5.0,5.0
6691,11.385788202285767,9592,30.928614498304007,5.0,5.0
6694,11.392187118530273,9592,29.79431327891457,5.0,5.0
6696,11.394967555999756,9592,29.068360498505324,5.0,5.0
6698,11.397618293762207,9592,28.60375071904341,5.0,5.0
6700,11.399630308151245,9592,22.883000575234732,5.0,5.0
6709,11.41796612739563,9592,19.37287703561615,5.0,5.0
6710,11.419200658798218,9592,15.49830162849292,5.0,5.0
6716,11.428993225097656,9592,19.91891304223547,5.0,5.0
6719,11.4353666305542,9592,22.748104347030704,5.0,5.0
6720,11.43901777267456,9592,22.748104347030704,5.0,5.0
6724,11.44920802116394,9592,21.647029425679722,5.0,5.0
6729,11.457454919815063,9592,23.85409883243502,5.0,5.0
6730,11.460784435272217,9592,23.85409883243502,5.0,5.0
6740,11.477609872817993,9592,9.770638881765386,5.0,5.0
6750,11.49644923210144,9592,5.0,5.0,5.0
6757,11.507168531417847,9592,14.0,5.0,5.0
6758,11.508631944656372,9592,21.200000000000003,5.0,5.0
6759,11.50993800163269,9592,26.960000000000004,5.0,5.0
6760,11.512752056121826,9592,26.960000000000004,5.0,5.0
6764,11.517967700958252,9592,21.042816000000002,5.0,5.0
6765,11.519362449645996,9592,26.8342528,5.0,5.0
6770,11.530097723007202,9592,17.173921792,5.0,5.0
6772,11.532649278640747,9592,23.7391374336,5.0,5.0
6773,11.534127473831177,9592,28.99130994688,5.0,5.0
6774,11.535473108291626,9592,33.19304795750401,5.0,5.0
6780,11.547439098358154,9592,16.994840554242057,5.0,5.0
6790,11.57183027267456,9592,6.961086691017548,5.0,5.0
6792,11.578892707824707,9592,15.568869352814039,5.0,5.0
6800,11.595823049545288,9592,7.971261108640789,5.0,5.0
6810,11.61750316619873,9592,5.101607109530105,5.0,5.0
6812,11.620094060897827,9592,14.081285687624085,5.0,5.0
6820,11.632490873336792,9592,5.0,5.0,5.0
6828,11.650034189224243,9592,14.0,5.0,5.0
6829,11.651488542556763,9592,21.200000000000003,5.0,5.0
6830,11.65281629562378,9592,26.960000000000004,5.0,5.0
6831,11.654145240783691,9592,31.568000000000005,5.0,5.0
6835,11.661806106567383,9592,26.162816000000003,5.0,5.0
6837,11.66669511795044,9592,30.930252800000005,5.0,5.0
6840,11.67091679573059,9592,25.836289433600008,5.0,5.0
6841,11.672350406646729,9592,30.669031546880007,5.0,5.0
6847,11.681794166564941,9592,22.562035321602053,5.0,5.0
6850,11.68566107749939,9592,24.439702605825318,5.0,5.0
6852,11.688340902328491,9592,25.641409667728205,5.0,5.0
6856,11.700984954833984,9592,23.128401749876843,5.0,5.0
6858,11.706358432769775,9592,28.502721399901475,5.0,5.0
6859,11.707751750946045,9592,32.80217711992118,5.0,5.0
6860,11.708986759185791,9592,26.24174169593695,5.0,5.0
6865,11.720544338226318,9592,26.79471468539965,5.0,5.0
6866,11.722096681594849,9592,26.79471468539965,5.0,14.0
6867,11.723519802093506,9592,31.435771748319723,5.0,14.0
6870,11.726869583129883,9592,16.095115135139704,5.0,14.0
6880,11.741692304611206,9592,5.274047327482579,5.0,5.734400000000001
6883,11.747864484786987,9592,14.219237861986063,5.0,5.0
6890,11.7607581615448,9592,9.100312231671081,5.0,5.0
6895,11.771418809890747,9592,15.824199828269492,5.0,5.0
6897,11.776512145996094,9592,22.659359862615595,5.0,5.0
6900,11.780226469039917,9592,11.601592249659188,5.0,5.0
6902,11.78299880027771,9592,17.42501903978188,5.0,5.0
6903,11.784430742263794,9592,23.940015231825505,5.0,5.0
6910,11.797484874725342,9592,12.25728779869466,5.0,5.0
6911,11.798944473266602,9592,19.80583023895573,5.0,5.0
6920,11.811753034591675,9592,8.112468065876268,5.0,5.0
6926,11.822237491607666,9592,15.191979562160812,5.0,5.0
6930,11.829693078994751,9592,12.15358364972865,5.0,5.0
6933,11.834192276000977,9592,19.722866919782923,5.0,5.0
6934,11.835652828216553,9592,25.77829353582634,5.0,5.0
6938,11.840522050857544,9592,20.55878903227447,5.0,5.0
6940,11.843024015426636,9592,16.447031225819575,5.0,5.0
6941,11.844499349594116,9592,23.15762498065566,5.0,5.0
6943,11.84699034690857,9592,28.52609998452453,5.0,5.0
6949,11.854361534118652,9592,21.68429055366125,5.0,5.0
6950,11.85557746887207,9592,17.347432442929,5.0,5.0
6960,11.869547605514526,9592,7.105508328623721,5.0,5.0
6970,11.892791509628296,9592,5.0,5.0,5.0
6980,11.912436246871948,9592,5.0,5.0,5.0
6987,11.927543878555298,9592,14.0,5.0,5.0
6988,11.930048704147339,9592,21.200000000000003,5.0,5.0
6990,11.932979583740234,9592,23.568000000000005,5.0,5.0
6995,11.94195556640625,9592,19.653452800000004,5.0,5.0
6997,11.94735860824585,9592,25.72276224,5.0,5.0
7000,11.95369577407837,9592,16.4625678336,5.0,5.0
7003,11.957447052001953,9592,18.428834730803203,5.0,5.0
7010,11.974133968353271,9592,7.548450705736993,5.0,5.0
7020,11.988328218460083,9592,5.0,5.0,5.0
7021,11.989830732345581,9592,14.0,5.0,5.0
7022,11.991268873214722,9592,21.200000000000003,5.0,5.0
7030,12.003329038619995,9592,5.557452800000004,5.0,5.0
7039,12.024972438812256,9592,14.0,5.0,5.0
7040,12.026510238647461,9592,21.200000000000003,5.0,5.0
7047,12.042933225631714,9592,20.854400000000005,5.0,5.0
7048,12.04440951347351,9592,26.683520000000005,5.0,5.0
7049,12.045794486999512,9592,31.346816000000004,5.0,5.0
7050,12.046606540679932,9592,25.077452800000003,5.0,5.0
7053,12.052785396575928,9592,26.049569792000003,5.0,5.0
7060,12.065726280212402,9592,13.337379733504006,5.0,5.0
7063,12.06964111328125,9592,20.669903786803204,5.0,5.0
7070,12.084058046340942,9592,16.773114072859677,5.0,5.0
7074,12.091732740402222,9592,18.587834405304157,5.0,5.0
7075,12.093194246292114,9592,24.870267524243324,5.0,5.0
7078,12.096882343292236,9592,29.896214019394662,5.0,5.0
7079,12.098326206207275,9592,33.91697121551573,5.0,5.0
7080,12.09952688217163,9592,27.133576972412584,5.0,5.0
7082,12.101984977722168,9592,27.365489262344056,5.0,5.0
7088,12.10943603515625,9592,18.9671235214849,5.0,5.0
7090,12.112168312072754,9592,22.138959053750337,5.0,5.0
7093,12.116185665130615,9592,21.335147035520173,5.0,5.0
7094,12.11757230758667,9592,27.06811762841614,5.0,5.0
7095,12.11901569366455,9592,31.65449410273291,5.0,5.0
7096,12.12043285369873,9592,35.32359528218633,5.0,5.0
7100,12.125973463058472,9592,24.468544627583526,5.0,5.0
7106,12.13382363319397,9592,20.022315879458212,5.0,5.0
7110,12.138922214508057,9592,10.251425730282607,5.0,5.0
7111,12.140376806259155,9592,18.20114058422609,5.0,5.0
7112,12.141830921173096,9592,24.560912467380874,5.0,5.0
7114,12.146898984909058,9592,29.6487299739047,5.0,5.0
7120,12.156912088394165,9592,19.715295837849098,5.0,5.0
7121,12.158431053161621,9592,25.772236670279277,5.0,5.0
7123,12.163572549819946,9592,30.617789336223424,5.0,5.0
7128,12.172059535980225,9592,29.595385175182994,5.0,5.0
7130,12.174691200256348,9592,18.94104651211712,5.0,5.0
7134,12.180129289627075,9592,17.758252651363172,5.0,5.0
7135,12.181641340255737,9592,24.20660212109054,5.0,5.0
7140,12.188201427459717,9592,9.915024228798687,5.0,5.0
7143,12.195188522338867,9592,16.34561550643116,5.0,5.0
7147,12.19992733001709,9592,20.461193924115943,5.0,5.0
7150,12.20704197883606,9592,26.368955139292755,5.0,5.0
7151,12.208483695983887,9592,31.095164111434205,5.0,5.0
7155,12.216553688049316,9592,29.900905031317894,5.0,5.0
7157,12.221503257751465,9592,33.92072402505431,5.0,5.0
7160,12.228341579437256,9592,27.13657922004345,5.0,5.0
7166,12.238575220108032,9592,21.1151428485298,5.0,5.0
7170,12.245903015136719,9592,16.89211427882384,5.0,5.0
7171,12.24741816520691,9592,23.513691423059072,5.0,5.0
7172,12.248812437057495,9592,28.810953138447257,5.0,5.0
7174,12.251502752304077,9592,28.439010008606246,5.0,5.0
7180,12.263360261917114,9592,14.5607731244064,5.0,5.0
7184,12.268667459487915,9592,17.455115839696077,5.0,5.0
7186,12.271431922912598,9592,21.17127413740549,5.0,5.0
7188,12.274166584014893,9592,23.549615447939516,5.0,5.0
7190,12.279024362564087,9592,23.549615447939516,5.0,5.0
7191,12.28063678741455,9592,28.839692358351613,5.0,5.0
7200,12.291585445404053,9592,7.560152313587728,5.0,5.0
7205,12.302805423736572,9592,14.0,5.0,5.0
7206,12.304384469985962,9592,21.200000000000003,5.0,5.0
7210,12.31661081314087,9592,16.960000000000004,5.0,5.0
7211,12.318138360977173,9592,23.568000000000005,5.0,5.0
7213,12.321032762527466,9592,25.083520000000007,5.0,5.0
7215,12.323447465896606,9592,26.053452800000006,5.0,5.0
7220,12.332085132598877,9592,16.674209792000006,5.0,5.0
7229,12.34950590133667,9592,15.463805064642564,5.0,5.0
7230,12.35065770149231,9592,15.463805064642564,5.0,5.0
7240,12.371397495269775,9592,5.067179643582077,5.0,5.0
7243,12.375527381896973,9592,14.0,5.0,5.0
7250,12.387505292892456,9592,15.7344,5.0,5.0
7259,12.40157437324524,9592,14.0,5.0,5.0
7260,12.402690172195435,9592,14.0,5.0,5.0
7262,12.405444383621216,9592,18.96,5.0,5.0
7265,12.409382820129395,9592,22.1344,5.0,5.0
7266,12.410790205001831,9592,27.70752,5.0,5.0
7268,12.413495063781738,9592,27.7328128,5.0,5.0
7270,12.415907859802246,9592,22.186250240000003,5.0,5.0
7279,12.432959079742432,9592,17.2699904786432,5.0,5.0
7280,12.43430209159851,9592,13.815992382914562,5.0,5.0
7281,12.435763359069824,9592,21.05279390633165,5.0,5.0
7283,12.43860673904419,9592,23.47378810005226,5.0,5.0
7288,12.44935154914856,9592,19.61486360578141,5.0,5.0
7290,12.451862573623657,9592,15.691890884625128,5.0,5.0
7292,12.457301378250122,9592,22.5535127077001,5.0,5.0
7298,12.470288753509521,9592,19.237918805073964,5.0,5.0
7300,12.472890377044678,9592,12.312268035247337,5.0,5.0
7303,12.479264736175537,9592,17.879851542558296,5.0,5.0
7305,12.481953620910645,9592,24.303881234046635,5.0,5.0
7306,12.483509063720703,9592,29.44310498723731,5.0,5.0
7309,12.487501382827759,9592,28.84358719183188,5.0,5.0
7310,12.488818407058716,9592,23.074869753465507,5.0,5.0
7315,12.495091915130615,9592,19.451466651019473,5.0,5.0
7320,12.505897998809814,9592,12.448938656652464,5.0,5.0
7329,12.520118474960327,9592,14.07926821901188,5.0,5.0
7330,12.523815870285034,9592,14.07926821901188,5.0,5.0
7336,12.54140329360962,9592,15.766868262507266,5.0,5.0
7340,12.546712636947632,9592,18.072636550403722,5.0,5.0
7341,12.548344612121582,9592,24.458109240322976,5.0,5.0
7350,12.5647451877594,9592,12.522551931045365,5.0,5.0
7351,12.566326379776001,9592,20.018041544836294,5.0,5.0
7360,12.57926058769226,9592,6.5595118534119585,5.0,5.0
7363,12.58846926689148,9592,15.247609482729567,5.0,5.0
7370,12.601948499679565,9592,17.80677605515754,5.0,5.0
7376,12.612253904342651,9592,15.834924377754023,5.0,5.0
7379,12.615818500518799,9592,20.134351601762575,5.0,5.0
7380,12.617025136947632,9592,16.10748128141006,5.0,5.0
7387,12.628257036209106,9592,16.597624332865564,5.0,5.0
7390,12.632007598876953,9592,10.622479573033964,5.0,5.0
7399,12.652002811431885,9592,14.350967633114713,5.0,5.0
7400,12.652930974960327,9592,11.480774106491772,5.0,5.0
7405,12.658893346786499,9592,15.878156342523788,5.0,5.0
7408,12.662840127944946,9592,20.162020059215223,5.0,5.0
7410,12.665329217910767,9592,12.903692837897744,5.0,5.0
7416,12.680241823196411,9592,16.606690733003646,5.0,5.0
7419,12.690070152282715,9592,23.285352586402915,5.0,5.0
7420,12.692139148712158,9592,23.285352586402915,5.0,5.0
7421,12.694127559661865,9592,28.62828206912233,5.0,5.0
7422,12.695716381072998,9592,32.90262565529787,5.0,5.0
7426,12.701249837875366,9592,26.84614433551251,5.0,5.0
7430,12.708978176116943,9592,17.181532374728008,5.0,5.0
7433,12.713080644607544,9592,20.996180719825926,5.0,5.0
7440,12.733258485794067,9592,13.437555660688595,5.0,5.0
7442,12.736099004745483,9592,18.6000356228407,5.0,5.0
7449,12.758467435836792,9592,19.52321823889444,5.0,5.0
7450,12.759923219680786,9592,25.618574591115554,5.0,5.0
7454,12.773573875427246,9592,26.395887738313956,5.0,5.0
7455,12.775086402893066,9592,31.116710190651165,5.0,5.0
7457,12.780608654022217,9592,34.893368152520935,5.0,5.0
7460,12.784202814102173,9592,27.91469452201675,5.0,5.0
7465,12.795839548110962,9592,27.865404494090722,5.0,5.0
7467,12.798176765441895,9592,27.833858876218063,5.0,5.0
7470,12.80702543258667,9592,22.26708710097445,5.0,5.0
7471,12.808578968048096,9592,27.81366968077956,5.0,5.0
7477,12.816223621368408,9592,24.240598876559137,5.0,5.0
7480,12.820357322692871,9592,25.51398328099785,5.0,5.0
7483,12.824004173278809,9592,23.0631594398709,5.0,5.0
7489,12.84063196182251,9592,21.808337633213903,5.0,5.0
7490,12.841935873031616,9592,17.446670106571123,5.0,5.0
7493,12.847275972366333,9592,18.932695094564416,5.0,5.0
7500,12.861473798751831,9592,7.754831910733586,5.0,5.0
7501,12.862969636917114,9592,16.203865528586867,5.0,5.0
7510,12.881997346878052,9592,6.6371033205091825,5.0,5.0
7520,12.904045820236206,9592,5.0,5.0,5.0
7530,12.922806978225708,9592,5.0,5.0,5.0
7535,12.934350967407227,9592,14.0,5.0,5.0
7538,12.940568447113037,9592,18.96,5.0,5.0
7540,12.943098068237305,9592,25.168,5.0,5.0
7542,12.945732116699219,9592,26.10752,5.0,5.0
7547,12.954341650009155,9592,20.693640192000004,5.0,5.0
7550,12.957841396331787,9592,16.554912153600004,5.0,5.0
7560,12.974735736846924,9592,6.780892018114564,5.0,5.0
7563,12.983015060424805,9592,15.424713614491651,5.0,5.0
7570,12.995248317718506,9592,15.054370157196626,5.0,5.0
7573,12.999187469482422,9592,19.634796900605842,5.0,5.0
7575,13.001890897750854,9592,22.56627001638774,5.0,5.0
7579,13.006466388702393,9592,24.442412810488154,5.0,5.0
7580,13.007884979248047,9592,29.553930248390525,5.0,5.0
7584,13.014699220657349,9592,25.131612287175948,5.0,5.0
7588,13.02201247215271,9592,22.867385491034085,5.0,5.0
7590,13.02353572845459,9592,18.29390839282727,5.0,5.0
7598,13.03350567817688,9592,15.994547902161642,5.0,5.0
7600,13.036114692687988,9592,22.795638321729314,5.0,5.0
7610,13.049490451812744,9592,7.469674765264263,5.0,5.0
7620,13.079182147979736,9592,5.0,5.0,5.0
7623,13.083445310592651,9592,14.0,5.0,5.0
7630,13.096596717834473,9592,11.200000000000001,5.0,5.0
7631,13.098106622695923,9592,18.96,5.0,5.0
7636,13.106833219528198,9592,19.707520000000002,5.0,5.0
7637,13.108275651931763,9592,25.766016,5.0,5.0
7639,13.110941410064697,9592,26.49025024,5.0,5.0
7640,13.112186431884766,9592,21.192200192,5.0,5.0
7641,13.113654136657715,9592,26.9537601536,5.0,5.0
7642,13.114975929260254,9592,31.563008122880003,5.0,5.0
7645,13.121116876602173,9592,30.200325198643203,5.0,5.0
7648,13.127370119094849,9592,29.328208127131653,5.0,5.0
7650,13.129826307296753,9592,23.462566501705325,5.0,5.0
7658,13.144790887832642,9592,17.688213791278802,5.0,5.0
7660,13.149533033370972,9592,17.688213791278802,5.0,5.0
7663,13.157796382904053,9592,24.15057103302304,5.0,5.0
7665,13.160488367080688,9592,25.45636546113475,5.0,5.0
7667,13.162794351577759,9592,26.292073895126244,5.0,5.0
7670,13.166506290435791,9592,21.033659116100996,5.0,5.0
7678,13.181512117385864,9592,16.892309419163976,5.0,5.0
7680,13.18423867225647,9592,13.51384753533118,5.0,14.0
7684,13.19204330444336,9592,18.648862422611955,5.0,11.200000000000001
7690,13.20400595664978,9592,14.919089938089565,5.0,5.734400000000001
7693,13.207483768463135,9592,19.548217560377324,5.0,5.0
7697,13.212347507476807,9592,20.00868739091319,5.0,5.0
7700,13.218721151351929,9592,22.805559930184444,5.0,5.0
7701,13.220196008682251,9592,28.244447944147556,5.0,5.0
7704,13.223455667495728,9592,32.59555835531805,5.0,5.0
7707,13.227385997772217,9592,30.86115734740355,5.0,5.0
7710,13.231126070022583,9592,19.751140702338276,5.0,5.0
7714,13.238980054855347,9592,20.1125840395972,5.0,5.0
7715,13.240442991256714,9592,26.09006723167776,5.0,5.0
7718,13.24445104598999,9592,23.358114422619018,5.0,5.0
7720,13.248688697814941,9592,18.686491538095215,5.0,5.0
7722,13.251452207565308,9592,21.95935458438094,5.0,5.0
7725,13.255066871643066,9592,21.243189547203045,5.0,5.0
7730,13.263962268829346,9592,10.876513048167961,5.0,5.0
7735,13.27698564529419,9592,18.701210438534368,5.0,5.0
7740,13.285742044448853,9592,19.575019744529598,5.0,5.0
7741,13.287197351455688,9592,25.66001579562368,5.0,5.0
7743,13.289790153503418,9592,30.528012636498943,5.0,5.0
7750,13.300732374191284,9592,19.537928087359326,5.0,5.0
7754,13.306195735931396,9592,20.003419180727974,5.0,5.0
7759,13.312684535980225,9592,18.19340049642618,5.0,5.0
7760,13.314115524291992,9592,24.554720397140944,5.0,5.0
7767,13.325613737106323,9592,20.057613474668933,5.0,5.0
7770,13.333881616592407,9592,22.836872623788118,5.0,5.0
7771,13.335464477539062,9592,28.269498099030496,5.0,5.0
7772,13.336943864822388,9592,32.6155984792244,5.0,5.0
7780,13.356082916259766,9592,26.699186421362896,5.0,5.0
7790,13.376107931137085,9592,8.748789406552197,5.0,5.0
7800,13.396599292755127,9592,5.0,5.0,5.0
7802,13.401918411254883,9592,14.0,5.0,5.0
7805,13.405882358551025,9592,21.200000000000003,5.0,5.0
7807,13.408872604370117,9592,23.568000000000005,5.0,5.0
7808,13.410385608673096,9592,28.854400000000005,5.0,5.0
7809,13.411858558654785,9592,33.08352000000001,5.0,5.0
7810,13.413169145584106,9592,26.46681600000001,5.0,5.0
7813,13.417004346847534,9592,23.551009792000006,5.0,5.0
7815,13.419790029525757,9592,25.072646266880007,5.0,5.0
7816,13.421427249908447,9592,30.058117013504006,5.0,5.0
7820,13.431496143341064,9592,19.237194888642566,5.0,5.0
7821,13.433058500289917,9592,25.389755910914054,5.0,5.0
7824,13.436993837356567,9592,26.249443782984997,5.0,5.0
7830,13.444685459136963,9592,10.751772173510657,5.0,5.0
7833,13.45251178741455,9592,16.881134191046822,5.0,5.0
7840,13.46832537651062,9592,10.803925882269967,5.0,5.0
7848,13.48133373260498,9592,15.531610051722224,5.0,5.0
7850,13.48422622680664,9592,19.940230433102222,5.0,5.0
7851,13.48570203781128,9592,25.95218434648178,5.0,5.0
7852,13.487149477005005,9592,30.761747477185423,5.0,5.0
7853,13.488557577133179,9592,34.609397981748344,5.0,5.0
7860,13.499708652496338,9592,14.176009413324124,5.0,5.0
7863,13.506201028823853,9592,19.07264602452744,5.0,5.0
7867,13.513907432556152,9592,19.765194764558053,5.0,5.0
7870,13.52044677734375,9592,12.649724649317156,5.0,5.0
7871,13.52199912071228,9592,20.119779719453724,5.0,5.0
7874,13.526125192642212,9592,22.876659020450383,5.0,5.0
7875,13.527597188949585,9592,28.301327216360306,5.0,5.0
7880,13.53373908996582,9592,21.592223627821184,5.0,5.0
7882,13.536320447921753,9592,27.273778902256947,5.0,5.0
7884,13.539199829101562,9592,27.455218497444445,5.0,5.0
7886,13.542013168334961,9592,27.571339838364448,5.0,5.0
7887,13.543462991714478,9592,32.05707187069156,5.0,5.0
7890,13.549713373184204,9592,20.5165259972426,5.0,5.0
7900,13.564916849136353,9592,5.0,5.0,5.0
7910,13.582697868347168,9592,5.0,5.0,5.0
7911,13.584241390228271,9592,14.0,5.0,5.0
7916,13.593621492385864,9592,18.96,5.0,5.0
7920,13.603203296661377,9592,15.168000000000001,5.0,5.0
7930,13.623257637023926,9592,6.212812800000002,5.0,5.0
7940,13.640196323394775,9592,5.0,5.0,5.0
7947,13.648810148239136,9592,14.0,5.0,5.0
7949,13.65159797668457,9592,18.96,5.0,5.0
7950,13.652849435806274,9592,15.168000000000001,5.0,5.0
7951,13.654332876205444,9592,22.1344,5.0,5.0
7952,13.655778884887695,9592,27.70752,5.0,5.0
7953,13.657207727432251,9592,32.166016,5.0,5.0
7956,13.66123080253601,9592,26.469000192000003,5.0,5.0
7960,13.666359186172485,9592,20.841702478643203,5.0,5.0
7962,13.669203281402588,9592,23.338689586331654,5.0,5.0
7970,13.68186092376709,9592,9.559527254561448,5.0,5.0
7980,13.69901156425476,9592,5.0,5.0,5.0
7990,13.729387044906616,9592,14.0,5.0,5.0
7992,13.73217511177063,9592,18.96,5.0,5.0
7994,13.734943866729736,9592,22.1344,5.0,5.0
7998,13.739697217941284,9592,21.3328128,5.0,5.0
8000,13.741722106933594,9592,17.06625024,5.0,5.0
8001,13.743233680725098,9592,23.653000192,5.0,5.0
8010,13.766338348388672,9592,12.110336098304003,5.0,5.0
8012,13.769156455993652,9592,17.750615102914562,5.0,5.0
8013,13.77062177658081,9592,24.20049208233165,5.0,5.0
8016,13.774194955825806,9592,22.390651946153806,5.0,5.0
8019,13.778299331665039,9592,21.46401379643075,5.0,5.0
8020,13.779592990875244,9592,17.171211037144598,5.0,5.0
8024,13.787286043167114,9592,18.791660051018034,5.0,5.0
8027,13.791202306747437,9592,22.02666243265154,5.0,5.0
8030,13.794746160507202,9592,11.27765116551759,5.0,5.0
8038,13.811591863632202,9592,17.217696745931256,5.0,5.0
8039,13.81303358078003,9592,23.774157396745004,5.0,5.0
8040,13.814506769180298,9592,29.019325917396003,5.0,5.0
8045,13.823657512664795,9592,24.857894869706755,5.0,5.0
8049,13.831644296646118,9592,22.72724217328986,5.0,5.0
8050,13.83242392539978,9592,22.72724217328986,5.0,5.0
8052,13.835167407989502,9592,28.18179373863189,5.0,5.0
8054,13.837963819503784,9592,28.036347992724412,5.0,5.0
8058,13.843364000320435,9592,24.354610172274903,5.0,5.0
8060,13.848280191421509,9592,19.483688137819925,5.0,5.0
8070,13.862498044967651,9592,6.384414929000835,5.0,5.0
8071,13.86403512954712,9592,15.10753194320067,5.0,5.0
8080,13.889837741851807,9592,6.188045083934995,5.0,5.0
8090,13.908144235610962,9592,14.0,5.0,5.0
8092,13.911031246185303,9592,18.96,5.0,5.0
8100,13.922795295715332,9592,7.766016000000002,5.0,5.0
8106,13.930524110794067,9592,14.970250240000002,5.0,5.0
8109,13.938802480697632,9592,21.976200192,5.0,5.0
8110,13.940067291259766,9592,17.5809601536,5.0,5.0
8112,13.944937705993652,9592,24.06476812288,5.0,5.0
8113,13.946374893188477,9592,29.251814498304,5.0,5.0
8114,13.947786808013916,9592,33.401451598643206,5.0,5.0
8120,13.957516431808472,9592,10.944987659843408,5.0,5.0
8124,13.967571258544922,9592,17.00479210229978,5.0,5.0
8130,13.97735071182251,9592,8.706453556377488,5.0,5.0
8133,13.983609199523926,9592,15.572130276081593,5.0,5.0
8137,13.990829229354858,9592,17.972930701353775,5.0,5.0
8140,13.994503021240234,9592,11.502675648866417,5.0,5.0
8141,13.995919227600098,9592,19.202140519093135,5.0,5.0
8149,14.012326955795288,9592,19.831495945775686,5.0,5.0
8150,14.013574123382568,9592,15.865196756620549,5.0,5.0
8152,14.018508434295654,9592,22.69215740529644,5.0,5.0
8153,14.019904375076294,9592,28.153725924237154,5.0,5.0
8160,14.028897523880005,9592,7.380330328683226,5.0,5.0
8161,14.030401229858398,9592,15.904264262946581,5.0,5.0
8170,14.045846223831177,9592,5.2115093136823365,5.0,5.0
8180,14.068899631500244,9592,5.0,5.0,5.0
8181,14.07035779953003,9592,14.0,5.0,5.0
8190,14.085706949234009,9592,5.0,5.0,5.0
8196,14.095386743545532,9592,14.0,5.0,5.0
8200,14.09994912147522,9592,7.168000000000001,5.0,5.0
8208,14.118835210800171,9592,14.0,5.0,5.0
8210,14.121280908584595,9592,11.200000000000001,5.0,5.0
8211,14.122771739959717,9592,18.96,5.0,5.0
8212,14.124170780181885,9592,25.168,5.0,5.0
8215,14.13024353981018,9592,30.1344,5.0,5.0
8217,14.132857084274292,9592,34.10752,5.0,5.0
8218,14.13425874710083,9592,37.286016000000004,5.0,5.0
8220,14.136545419692993,9592,37.286016000000004,5.0,5.0
8225,14.14259123802185,9592,25.272352153600004,5.0,5.0
8228,14.15116572380066,9592,30.217881722880005,5.0,5.0
8230,14.15357494354248,9592,24.174305378304005,5.0,5.0
8233,14.157126188278198,9592,22.37724435369165,5.0,5.0
8239,14.169107675552368,9592,21.457149109090125,5.0,5.0
8240,14.17036747932434,9592,17.1657192872721,5.0,5.0
8249,14.18596887588501,9592,15.624862896053322,5.0,5.0
8250,14.187432050704956,9592,22.49989031684266,5.0,5.0
8251,14.188819408416748,9592,27.99991225347413,5.0,5.0
8255,14.196222066879272,9592,24.335955073778756,5.0,5.0
8259,14.203464984893799,9592,25.575011247218406,5.0,5.0
8260,14.204614639282227,9592,25.575011247218406,5.0,5.0
8263,14.208175420761108,9592,26.368007198219782,5.0,5.0
8265,14.210421323776245,9592,26.87552460686066,5.0,5.0
8268,14.218635559082031,9592,31.50041968548853,5.0,5.0
8270,14.223293781280518,9592,25.200335748390827,5.0,5.0
8275,14.231629133224487,9592,22.902571903176103,5.0,5.0
8279,14.239116430282593,9592,21.726116814426167,5.0,5.0
8280,14.239933967590332,9592,17.380893451540935,5.0,5.0
8282,14.244778871536255,9592,23.904714761232746,5.0,5.0
8290,14.256487846374512,9592,9.791371166200936,5.0,5.0
8294,14.261374950408936,9592,15.013182037094879,5.0,5.0
8300,14.273448705673218,9592,9.608436503740723,5.0,5.0
8309,14.286841630935669,9592,14.919519489915253,5.0,5.0
8310,14.287678480148315,9592,14.919519489915253,5.0,5.0
8319,14.308852910995483,9592,19.548492473545764,5.0,5.0
8320,14.31046438217163,9592,25.63879397883661,5.0,5.0
8327,14.326488256454468,9592,23.127062517164347,5.0,5.0
8328,14.327934741973877,9592,28.501650013731478,5.0,5.0
8330,14.330086946487427,9592,32.80132001098518,5.0,5.0
8333,14.33382272720337,9592,36.24105600878815,5.0,5.0
8340,14.345386981964111,9592,14.844336541199628,5.0,5.0
8350,14.364636421203613,9592,6.080240247275369,5.0,5.0
8357,14.380207538604736,9592,14.0,5.0,5.0
8360,14.383604049682617,9592,7.168000000000001,5.0,5.0
8364,14.393230199813843,9592,14.587520000000001,5.0,5.0
8369,14.401403903961182,9592,19.336012800000002,5.0,5.0
8370,14.402525663375854,9592,19.336012800000002,5.0,5.0
8373,14.415981531143188,9592,25.468810240000003,5.0,5.0
8377,14.42142915725708,9592,20.432024674304003,5.0,5.0
8379,14.426398754119873,9592,26.345619739443205,5.0,5.0
8380,14.427622318267822,9592,21.076495791554564,5.0,5.0
8387,14.443373680114746,9592,23.48895730659492,5.0,5.0
8389,14.44603443145752,9592,25.032932676220753,5.0,5.0
8390,14.447291851043701,9592,20.026346140976603,5.0,5.0
8391,14.449350357055664,9592,26.021076912781282,5.0,5.0
8395,14.45788836479187,9592,23.322791379344018,5.0,5.0
8398,14.462483406066895,9592,21.94126918622414,5.0,5.0
8400,14.465169906616211,9592,14.04241227918345,5.0,5.0
8401,14.466733694076538,9592,21.233929823346763,5.0,5.0
8402,14.468253374099731,9592,26.98714385867741,5.0,5.0
8410,14.481256008148193,9592,8.843147299611417,5.0,5.0
8420,14.504029512405396,9592,5.0,5.0,5.0
8424,14.509626150131226,9592,14.0,5.0,5.0
8430,14.521177768707275,9592,8.96,5.0,5.0
8434,14.528543710708618,9592,15.7344,5.0,5.0
8435,14.52997374534607,9592,22.58752,5.0,5.0
8436,14.531358242034912,9592,28.070016000000003,5.0,5.0
8437,14.532819747924805,9592,32.4560128,5.0,5.0
8440,14.535989046096802,9592,20.771848192000007,5.0,5.0
8447,14.547307252883911,9592,18.508149019443202,5.0,5.0
8449,14.549989223480225,9592,21.84521537244365,5.0,5.0
8450,14.550811052322388,9592,17.47617229795492,5.0,5.0
8453,14.557041645050049,9592,21.18475027069115,5.0,5.0
8454,14.558512210845947,9592,26.94780021655292,5.0,5.0
8460,14.567866086959839,9592,11.03781896870008,5.0,5.0
8463,14.57417607307434,9592,17.06420413996805,5.0,5.0
8470,14.596071481704712,9592,6.9894980157309154,5.0,5.0
8471,14.59765076637268,9592,15.591598412584734,5.0,5.0
8477,14.608042001724243,9592,17.982898387243385,5.0,5.0
8480,14.611618280410767,9592,17.982898387243385,5.0,5.0
8483,14.61794400215149,9592,24.386318709794708,5.0,5.0
8486,14.624290704727173,9592,25.607243974268613,5.0,5.0
8490,14.629470109939575,9592,10.488727131860427,5.0,5.0
8500,14.649448156356812,9592,5.0,5.0,5.0
8501,14.651076555252075,9592,14.0,5.0,5.0
8504,14.655080556869507,9592,21.200000000000003,5.0,5.0
8510,14.674447536468506,9592,18.683520000000005,5.0,5.0
8516,14.688806295394897,9592,19.565962240000005,5.0,5.0
8517,14.690385103225708,9592,25.652769792000004,5.0,5.0
8520,14.6941077709198,9592,23.134218133504007,5.0,5.0
8522,14.696729898452759,9592,28.507374506803206,5.0,5.0
8523,14.698254585266113,9592,32.80589960544256,5.0,5.0
8525,14.700986385345459,9592,30.995775747483243,5.0,5.0
8527,14.703866481781006,9592,29.837296478389277,5.0,5.0
8530,14.710599184036255,9592,33.86983718271142,5.0,5.0
8535,14.720245122909546,9592,23.873085310038604,5.0,5.0
8537,14.72299313545227,9592,29.098468248030883,5.0,5.0
8540,14.729554414749146,9592,28.623019678739766,5.0,5.0
8543,14.73326587677002,9592,24.654986075514763,5.0,5.0
8548,14.739922046661377,9592,20.098682296530846,5.0,5.0
8550,14.745017528533936,9592,16.078945837224676,5.0,5.0
8560,14.762798547744751,9592,5.0,5.0,5.0
8561,14.76435375213623,9592,14.0,5.0,5.0
8570,14.780944347381592,9592,8.96,5.0,5.0
8571,14.782566785812378,9592,17.168,5.0,5.0
8572,14.784034490585327,9592,23.7344,5.0,5.0
8573,14.785553693771362,9592,28.98752,5.0,5.0
8580,14.805237054824829,9592,14.841610240000001,5.0,5.0
8587,14.818965911865234,9592,19.4986305536,5.0,5.0
8588,14.820439100265503,9592,25.598904442880002,5.0,5.0
8590,14.823121547698975,9592,16.383298843443203,5.0,5.0
8591,14.824605464935303,9592,23.10663907475456,5.0,5.0
8600,14.848174333572388,9592,17.571583492015577,5.0,5.0
8606,14.856066226959229,9592,17.197320598329583,5.0,5.0
8608,14.862428665161133,9592,21.006285182930934,5.0,5.0
8610,14.866048574447632,9592,13.444022517075801,5.0,5.0
8618,14.876270055770874,9592,14.0,5.0,5.0
8620,14.88346552848816,9592,14.0,5.0,5.0
8621,14.88499665260315,9592,21.200000000000003,5.0,5.0
8625,14.890538454055786,9592,20.854400000000005,5.0,5.0
8626,14.892248392105103,9592,26.683520000000005,5.0,5.0
8630,14.897398471832275,9592,23.66196224,5.0,5.0
8634,14.904522180557251,9592,22.11492466688,5.0,5.0
8638,14.909582614898682,9592,19.05827314355405,5.0,5.0
8640,14.912298202514648,9592,22.197294811874592,5.0,5.0
8650,14.927794694900513,9592,14.655110120931244,5.0,5.0
8655,14.936644792556763,9592,16.002733105533437,5.0,5.0
8659,14.946329116821289,9592,20.2417491875414,5.0,5.0
8660,14.947607278823853,9592,16.193399350033122,5.0,5.0
8664,14.95291543006897,9592,20.363775584021198,5.0,5.0
8667,14.9571692943573,9592,23.03281637377357,5.0,5.0
8670,14.961033582687378,9592,11.79280198337207,5.0,5.0
8673,14.967232465744019,9592,19.43424158669766,5.0,5.0
8674,14.968713283538818,9592,25.54739326935813,5.0,5.0
8680,14.97606873512268,9592,6.6970958612026195,5.0,5.0
8681,14.977563381195068,9592,15.357676688962096,5.0,5.0
8683,14.980263710021973,9592,19.82891308093574,5.0,5.0
8684,14.981646537780762,9592,25.863130464748593,5.0,5.0
8687,14.98793649673462,9592,30.690504371798877,5.0,5.0
8690,14.996199607849121,9592,24.5524034974391,5.0,5.0
8691,14.997800827026367,9592,29.64192279795128,5.0,5.0
8692,14.999227523803711,9592,33.713538238361025,5.0,5.0
8693,15.000651836395264,9592,36.97083059068882,5.0,5.0
8696,15.00452184677124,9592,33.661331578040844,5.0,5.0
8700,15.011934757232666,9592,17.234601767956914,5.0,5.0
8702,15.014807939529419,9592,21.030145131492425,5.0,5.0
8707,15.026007890701294,9592,20.767434307324123,5.0,5.0
8710,15.029963493347168,9592,13.29115795668744,5.0,5.0
8711,15.031481981277466,9592,20.632926365349952,5.0,5.0
8720,15.042236328125,9592,6.760997311397874,5.0,5.0
8721,15.04370379447937,9592,15.4087978491183,5.0,5.0
8725,15.051892518997192,9592,17.889304498748572,5.0,5.0
8729,15.057076692581177,9592,19.159323903359272,5.0,5.0
8730,15.058490514755249,9592,25.32745912268742,5.0,5.0
8732,15.061131954193115,9592,30.261967298149937,5.0,5.0
8739,15.072215557098389,9592,19.91624144425777,5.0,5.0
8740,15.076119184494019,9592,19.91624144425777,5.0,5.0
8744,15.081784963607788,9592,18.157692495567986,5.0,5.0
8750,15.10190486907959,9592,19.296738557730812,5.0,5.0
8752,15.104826927185059,9592,22.34991267694772,5.0,5.0
8753,15.106405258178711,9592,27.879930141558177,5.0,5.0
8760,15.123185396194458,9592,17.843155290597235,5.0,5.0
8762,15.125910997390747,9592,21.41961938598223,5.0,5.0
8764,15.12871789932251,9592,23.708556407028627,5.0,5.0
8770,15.144506931304932,9592,12.13878088039866,5.0,5.0
8771,15.146113395690918,9592,19.71102470431893,5.0,5.0
8773,15.149029970169067,9592,22.61505581076412,5.0,5.0
8780,15.163743019104004,9592,21.578908575111228,5.0,5.0
8783,15.16796875,9592,21.04840119045695,5.0,5.0
8790,15.179135084152222,9592,6.897140102088933,5.0,5.0
8800,15.212358951568604,9592,5.517712081671147,5.0,5.0
8806,15.225986003875732,9592,14.0,5.0,5.0
8810,15.231189489364624,9592,11.200000000000001,5.0,5.0
8812,15.236567974090576,9592,18.96,5.0,5.0
8813,15.238086938858032,9592,25.168,5.0,5.0
8820,15.249086141586304,9592,16.10752,5.0,5.0
8822,15.25177812576294,9592,22.886016,5.0,5.0
8825,15.258248090744019,9592,24.647050240000002,5.0,5.0
8827,15.261274099349976,9592,25.774112153600004,5.0,5.0
8830,15.264987468719482,9592,16.495431778304006,5.0,5.0
8832,15.267849683761597,9592,20.557076338114562,5.0,5.0
8835,15.274202108383179,9592,23.156528856393322,5.0,5.0
8838,15.27826714515686,9592,24.820178468091726,5.0,5.0
8839,15.27972674369812,9592,29.856142774473383,5.0,5.0
8840,15.280985355377197,9592,23.884914219578707,5.0,5.0
8844,15.288756370544434,9592,22.2290760804243,5.0,5.0
8850,15.300289869308472,9592,14.226608691471553,5.0,5.0
8858,15.313004493713379,9592,14.6617751360214,5.0,5.0
8860,15.31505799293518,9592,11.729420108817122,5.0,5.0
8862,15.317790269851685,9592,19.3835360870537,5.0,5.0
8864,15.32053279876709,9592,22.405463095714367,5.0,5.0
8869,15.329590082168579,9592,19.177277684004608,5.0,5.0
8870,15.332481861114502,9592,19.177277684004608,5.0,5.0
8873,15.336778163909912,9592,19.81876617421036,5.0,5.0
8878,15.345646381378174,9592,22.68401035149463,5.0,5.0
8880,15.35054349899292,9592,18.147208281195706,5.0,5.0
8890,15.372298240661621,9592,7.433096511977762,5.0,5.0
8896,15.382209300994873,9592,14.0,5.0,5.0
8897,15.383672714233398,9592,21.200000000000003,5.0,5.0
8900,15.388107061386108,9592,20.854400000000005,5.0,5.0
8901,15.389660120010376,9592,26.683520000000005,5.0,5.0
8905,15.395097732543945,9592,23.66196224,5.0,5.0
8910,15.403164625167847,9592,12.114924666880002,5.0,5.0
8913,15.40717363357544,9592,17.7535517868032,5.0,5.0
8915,15.409920454025269,9592,21.36227314355405,5.0,5.0
8916,15.411389827728271,9592,27.08981851484324,5.0,5.0
8920,15.418735980987549,9592,17.337483849499677,5.0,5.0
8922,15.421566009521484,9592,21.095989663679795,5.0,5.0
8929,15.430667400360107,9592,16.912733892994595,5.0,5.0
8930,15.431802988052368,9592,16.912733892994595,5.0,5.0
8934,15.43710446357727,9592,18.659319753213232,5.0,5.0
8940,15.449153661727905,9592,21.94196464205647,5.0,5.0
8941,15.450847625732422,9592,27.553571713645177,5.0,5.0
8950,15.466591119766235,9592,9.028754379127255,5.0,5.0
8960,15.48433804512024,9592,5.778402802641444,5.0,5.0
8961,15.485944032669067,9592,14.622722242113156,5.0,5.0
8962,15.487393617630005,9592,21.698177793690526,5.0,5.0
8963,15.488857746124268,9592,27.35854223495242,5.0,5.0
8970,15.500001907348633,9592,8.96484711954921,5.0,5.0
8973,15.511468648910522,9592,17.171877695639367,5.0,5.0
8976,15.515964031219482,9592,18.792001380167356,5.0,5.0
8977,15.51746654510498,9592,25.033601104133886,5.0,5.0
8978,15.518985033035278,9592,30.02688088330711,5.0,5.0
8980,15.521579504013062,9592,19.217203765316555,5.0,5.0
8986,15.532084465026855,9592,17.87136666227366,5.0,5.0
8987,15.533517122268677,9592,24.297093329818928,5.0,5.0
8990,15.537363052368164,9592,15.550139731084116,5.0,5.0
8992,15.54045057296753,9592,19.952089427893835,5.0,5.0
8997,15.54703688621521,9592,16.537900663732252,5.0,5.0
9000,15.550953388214111,9592,10.584256424788641,5.0,5.0
9004,15.555830717086792,9592,16.77392411186473,5.0,5.0
9010,15.566057205200195,9592,6.870599316219795,5.0,5.0
9012,15.568801164627075,9592,15.496479452975837,5.0,5.0
9015,15.5752694606781,9592,22.39718356238067,5.0,5.0
9016,15.57677412033081,9592,27.917746849904535,5.0,5.0
9020,15.582053422927856,9592,14.293886387151126,5.0,5.0
9021,15.583598375320435,9592,21.4351091097209,5.0,5.0
9027,15.591344118118286,9592,20.974775864177104,5.0,5.0
9030,15.595142126083374,9592,13.423856553073348,5.0,5.0
9033,15.601351976394653,9592,20.73908524245868,5.0,5.0
9038,15.607938051223755,9592,20.618411644138845,5.0,5.0
9040,15.610504865646362,9592,16.494729315311076,5.0,5.0
9043,15.614614248275757,9592,20.556626761799087,5.0,5.0
9050,15.623512983322144,9592,8.419994321632908,5.0,5.0
9059,15.646108865737915,9592,14.311037092676049,5.0,5.0
9060,15.647436141967773,9592,11.448829674140839,5.0,5.0
9063,15.651449203491211,9592,15.86180079316011,5.0,5.0
9070,15.663370370864868,9592,5.0,5.0,5.0
9072,15.669468641281128,9592,14.0,5.0,5.0
9080,15.679008483886719,9592,5.734400000000001,5.0,5.0
9087,15.699139595031738,9592,14.0,5.0,5.0
9090,15.703060150146484,9592,17.168,5.0,5.0
9097,15.717432260513306,9592,18.790016,5.0,5.0
9100,15.721237897872925,9592,12.025610240000002,5.0,5.0
9110,15.74137830734253,9592,6.157112442880003,5.0,5.0
9120,15.762470006942749,9592,5.0,5.0,5.0
9127,15.776179075241089,9592,14.0,5.0,5.0
9130,15.780233144760132,9592,7.168000000000001,5.0,5.0
9134,15.790941715240479,9592,14.587520000000001,5.0,5.0
9140,15.803641319274902,9592,11.670016000000002,5.0,5.0
9150,15.819476842880249,9592,5.0,5.0,5.0
9152,15.824700117111206,9592,14.0,5.0,5.0
9160,15.840509414672852,9592,7.168000000000001,5.0,5.0
9163,15.844549655914307,9592,15.7344,5.0,5.0
9170,15.853273391723633,9592,6.4448102400000025,5.0,5.0
9179,15.874934911727905,9592,14.0,5.0,5.0
9180,15.876238346099854,9592,11.200000000000001,5.0,5.0
9186,15.897484540939331,9592,17.168,5.0,5.0
9190,15.90179705619812,9592,10.987520000000002,5.0,5.0
9191,15.903363227844238,9592,18.790016,5.0,5.0
9196,15.912279605865479,9592,19.620488192000003,5.0,5.0
9199,15.918707132339478,9592,22.557112442880005,5.0,5.0
9200,15.92029094696045,9592,28.045689954304006,5.0,5.0
9202,15.92303466796875,9592,27.949241570754566,5.0,5.0
9206,15.930484294891357,9592,27.887514605282924,5.0,5.0
9208,15.933300971984863,9592,27.848009347381073,5.0,5.0
9210,15.935195684432983,9592,27.848009347381073,5.0,5.0
9214,15.940727472305298,9592,24.25818078585911,5.0,5.0
9217,15.94466781616211,9592,25.525235702949832,5.0,5.0
9218,15.946154117584229,9592,30.42018856235987,5.0,5.0
9219,15.947629690170288,9592,34.3361508498879,5.0,5.0
9220,15.949074506759644,9592,37.468920679910326,5.0,5.0
9224,15.956675291061401,9592,33.980109235142606,5.0,5.0
9225,15.958171606063843,9592,37.18408738811409,5.0,5.0
9227,15.961020946502686,9592,33.79781592839302,5.0,5.0
9228,15.962459802627563,9592,37.03825274271442,5.0,5.0
9230,15.964941024780273,9592,29.630602194171537,5.0,5.0
9232,15.967875480651855,9592,28.963585404269786,5.0,5.0
9233,15.969483137130737,9592,33.17086832341583,5.0,5.0
9240,15.986249446868896,9592,26.983484581588908,5.0,5.0
9242,15.991640329360962,9592,31.586787665271128,5.0,5.0
9245,15.99527359008789,9592,26.17243528461882,5.0,5.0
9246,15.996717929840088,9592,30.93794822769506,5.0,5.0
9250,16.003819227218628,9592,19.800286865724843,5.0,5.0
9251,16.005298376083374,9592,25.840229492579873,5.0,5.0
9255,16.010658502578735,9592,23.230197500200894,5.0,5.0
9256,16.012070178985596,9592,28.584158000160716,5.0,5.0
9257,16.013479232788086,9592,32.867326400128576,5.0,5.0
9258,16.01491141319275,9592,36.29386112010286,5.0,5.0
9260,16.017081260681152,9592,23.228071116865834,5.0,5.0
9261,16.018577575683594,9592,28.58245689349267,5.0,5.0
9262,16.019981384277344,9592,32.86596551479414,5.0,5.0
9266,16.02724528312683,9592,31.034217929468255,5.0,5.0
9269,16.03098487854004,9592,25.889519579887747,5.0,5.0
9270,16.032126426696777,9592,25.889519579887747,5.0,5.0
9272,16.035032510757446,9592,26.56929253112816,5.0,5.0
9280,16.049497842788696,9592,20.882782220750094,5.0,5.0
9282,16.052279233932495,9592,26.706225776600075,5.0,5.0
9290,16.067322254180908,9592,7.000876849981052,5.0,5.0
9292,16.070003509521484,9592,15.600701479984842,5.0,5.0
9293,16.071473360061646,9592,22.480561183987874,5.0,5.0
9295,16.074175596237183,9592,24.38755915775224,5.0,5.0
9297,16.076775074005127,9592,29.510047326201793,5.0,5.0
9300,16.08290719985962,9592,18.886430288769148,5.0,5.0
9302,16.085779190063477,9592,22.087315384812257,5.0,5.0
9310,16.1007239818573,9592,7.237571505295282,5.0,5.0
9317,16.116127252578735,9592,14.0,5.0,5.0
9320,16.121917247772217,9592,8.96,5.0,5.0
9322,16.124926328659058,9592,15.7344,5.0,5.0
9330,16.142258882522583,9592,8.056012800000003,5.0,5.0
9335,16.150756359100342,9592,14.124678553600003,5.0,5.0
9340,16.15906572341919,9592,7.231835419443202,5.0,5.0
9350,16.173729419708252,9592,5.0,5.0,5.0
9360,16.191285610198975,9592,5.0,5.0,5.0
9370,16.20664644241333,9592,5.0,5.0,5.0
9371,16.20818066596985,9592,14.0,5.0,5.0
9373,16.21058988571167,9592,18.96,5.0,5.0
9380,16.22451162338257,9592,7.766016000000002,5.0,5.0
9385,16.23377299308777,9592,14.0,5.0,5.0
9386,16.235220432281494,9592,21.200000000000003,5.0,5.0
9390,16.250141620635986,9592,13.568000000000005,5.0,5.0
9396,16.263811826705933,9592,16.946816000000005,5.0,5.0
9399,16.27043914794922,9592,20.845962240000006,5.0,5.0
9400,16.27203917503357,9592,26.676769792000005,5.0,5.0
9404,16.280211687088013,9592,27.073132666880007,5.0,5.0
9406,16.283297300338745,9592,27.326804906803204,5.0,5.0
9407,16.284820079803467,9592,31.861443925442565,5.0,5.0
9410,16.291298627853394,9592,20.391324112283243,5.0,5.0
9420,16.31302285194397,9592,6.681829085112973,5.0,5.0
9422,16.318639993667603,9592,15.345463268090379,5.0,5.0
9427,16.32824182510376,9592,16.28550175460982,5.0,5.0
9430,16.33217430114746,9592,13.028401403687859,5.0,5.0
9440,16.350883722305298,9592,5.0,5.0,5.0
9450,16.380875825881958,9592,5.0,5.0,5.0
9454,16.386409759521484,9592,14.0,5.0,5.0
9456,16.389330863952637,9592,18.96,5.0,5.0
9460,16.395013093948364,9592,17.766016,5.0,5.0
9461,16.396565914154053,9592,24.212812800000002,5.0,5.0
9467,16.40406370162964,9592,22.396960153600006,5.0,5.0
9470,16.409850120544434,9592,14.334054498304006,5.0,5.0
9475,16.4221408367157,9592,19.173794878914563,5.0,5.0
9480,16.43144154548645,9592,9.816982978004258,5.0,5.0
9481,16.4331111907959,9592,17.853586382403407,5.0,5.0
9482,16.43463921546936,9592,24.282869105922728,5.0,5.0
9489,16.45205068588257,9592,25.54103622779055,5.0,5.0
9490,16.453917980194092,9592,30.43282898223244,5.0,5.0
9497,16.46852993965149,9592,22.465286751122413,5.0,5.0
9499,16.471213340759277,9592,27.97222940089793,5.0,5.0
9500,16.47511053085327,9592,27.97222940089793,5.0,5.0
9504,16.48326849937439,9592,24.321781453259746,5.0,5.0
9505,16.48485493659973,9592,29.457425162607798,5.0,5.0
9506,16.486405611038208,9592,33.56594013008624,5.0,5.0
9508,16.49148726463318,9592,36.852752104069,5.0,5.0
9509,16.493005514144897,9592,39.4822016832552,5.0,5.0
9510,16.494282484054565,9592,31.58576134660416,5.0,5.0
9513,16.498616456985474,9592,26.171909809461333,5.0,5.0
9518,16.511380434036255,9592,26.750022278055255,5.0,5.0
9520,16.514041900634766,9592,17.120014257955365,5.0,5.0
9523,16.518240928649902,9592,18.76544730007315,5.0,5.0
9530,16.53166699409485,9592,7.686327214109963,5.0,5.0
9536,16.544100046157837,9592,14.0,5.0,5.0
9540,16.551894426345825,9592,8.96,5.0,5.0
9547,16.566117763519287,9592,14.587520000000001,5.0,5.0
9550,16.57295060157776,9592,19.336012800000002,5.0,5.0
9552,16.575819492340088,9592,22.375048192,5.0,5.0
9560,16.58782386779785,9592,7.3318557915545615,5.0,5.0
9570,16.60807156562805,9592,5.0,5.0,5.0
9580,16.635584831237793,9592,5.0,5.0,5.0
9587,16.647361040115356,9592,14.0,5.0,5.0
9590,16.654103994369507,9592,8.96,5.0,5.0
9598,16.66966938972473,9592,14.587520000000001,5.0,5.0
9600,16.672568559646606,9592,19.336012800000002,5.0,5.0
9606,16.688393592834473,9592,22.375048192,5.0,5.0
9608,16.69378972053528,9592,27.9000385536,5.0,5.0
9610,16.696297883987427,9592,22.32003084288,5.0,5.0
9620,16.71990466117859,9592,7.313827706594921,5.0,5.0
9623,16.726505756378174,9592,14.68084973222075,5.0,5.0
9625,16.7292582988739,9592,19.39574382862128,5.0,5.0
9626,16.73078751564026,9592,25.516595062897025,5.0,5.0
9630,16.740617513656616,9592,16.330620840254095,5.0,5.0
9637,16.762791633605957,9592,18.361277870210095,5.0,5.0
9639,16.766594886779785,9592,21.75121783693446,5.0,5.0
9640,16.76813507080078,9592,27.40097426954757,5.0,5.0
9644,16.7734477519989,9592,24.029298826008358,5.0,5.0
9645,16.77497696876526,9592,29.223439060806687,5.0,5.0
9646,16.776480436325073,9592,33.37875124864535,5.0,5.0
9648,16.779308795928955,9592,31.362400799133027,5.0,5.0
9650,16.7840633392334,9592,25.089920639306424,5.0,5.0
9653,16.788254737854004,9592,22.84603936732489,5.0,5.0
9657,16.795973539352417,9592,24.62146519508793,5.0,5.0
9659,16.798825979232788,9592,25.757737724856277,5.0,5.0
9660,16.80005717277527,9592,20.606190179885022,5.0,5.0
9670,16.82578945159912,9592,14.0,5.0,5.0
9680,16.844724655151367,9592,7.168000000000001,5.0,5.0
9690,16.86289882659912,9592,5.0,5.0,5.0
9691,16.864349365234375,9592,14.0,5.0,5.0
9696,16.87100625038147,9592,14.587520000000001,5.0,5.0
9700,16.880335330963135,9592,14.587520000000001,5.0,5.0
9701,16.881810426712036,9592,21.670016000000004,5.0,5.0
9709,16.89171314239502,9592,15.680664674304001,5.0,5.0
9710,16.892980098724365,9592,12.544531739443201,5.0,5.0
9713,16.89922261238098,9592,18.028500313243647,5.0,5.0
9719,16.916110277175903,9592,17.3844737283046,5.0,5.0
9720,16.920535802841187,9592,17.3844737283046,5.0,5.0
9726,16.931106567382812,9592,17.120680439113563,5.0,5.0
9729,16.9348042011261,9592,20.957235481032683,5.0,5.0
9730,16.93836212158203,9592,20.957235481032683,5.0,5.0
9733,16.942474365234375,9592,20.730104566288738,5.0,5.0
9736,16.949029445648193,9592,23.267266922424795,5.0,5.0
9738,16.951861143112183,9592,24.891050830351872,5.0,5.0
9740,16.954493522644043,9592,15.930272531425201,5.0,5.0
9747,16.965988397598267,9592,16.525039628871763,5.0,5.0
9750,16.97429847717285,9592,16.525039628871763,5.0,5.0
9753,16.978355884552002,9592,23.220031703097412,5.0,5.0
9755,16.981167554855347,9592,24.860820289982346,5.0,5.0
9758,16.984950304031372,9592,29.888656231985877,5.0,5.0
9759,16.986527681350708,9592,33.91092498558871,5.0,5.0
9760,16.98804473876953,9592,37.12873998847097,5.0,5.0
9761,16.98945140838623,9592,39.70299199077678,5.0,5.0
9763,16.99214816093445,9592,35.40991487409714,5.0,5.0
9766,17.000528812408447,9592,38.327931899277715,5.0,5.0
9770,17.00596594810486,9592,25.699120905944156,5.0,5.0
9771,17.00735354423523,9592,30.559296724755328,5.0,5.0
9773,17.010077953338623,9592,29.55794990384341,5.0,5.0
9776,17.01392650604248,9592,28.917087938459783,5.0,5.0
9780,17.018691539764404,9592,11.84443921959313,5.0,5.0
9783,17.024839639663696,9592,19.475551375674506,5.0,5.0
9784,17.026355981826782,9592,25.580441100539606,5.0,5.0
9785,17.027798891067505,9592,30.464352880431687,5.0,5.0
9790,17.033705711364746,9592,19.49718584347628,5.0,5.0
9799,17.04747772216797,9592,16.38883785719031,5.0,5.0
9800,17.05092215538025,9592,16.38883785719031,5.0,5.0
9803,17.056941986083984,9592,23.11107028575225,5.0,5.0
9807,17.063966512680054,9592,21.832867986305153,5.0,5.0
9810,17.06735348701477,9592,17.466294389044123,5.0,5.0
9817,17.080430030822754,9592,17.154194181752473,5.0,5.0
9820,17.08764123916626,9592,13.723355345401979,5.0,5.0
9821,17.089280128479004,9592,20.978684276321584,5.0,5.0
9823,17.091997861862183,9592,26.78294742105727,5.0,5.0
9825,17.09495735168457,9592,31.426357936845818,5.0,5.0
9830,17.101011514663696,9592,10.297788968745643,5.0,5.0
9840,17.122978925704956,9592,5.0,5.0,5.0
9842,17.128299236297607,9592,14.0,5.0,5.0
9848,17.139474391937256,9592,18.96,5.0,5.0
9850,17.143076419830322,9592,15.168000000000001,5.0,5.0
9857,17.157499313354492,9592,16.212812800000002,5.0,5.0
9859,17.160327672958374,9592,20.376200192000002,5.0,5.0
9860,17.16181445121765,9592,26.300960153600002,5.0,5.0
9870,17.181320667266846,9592,8.61829862313165,5.0,5.0
9880,17.19911527633667,9592,14.0,5.0,5.0
9889,17.221681833267212,9592,17.168,5.0,5.0
9890,17.222986936569214,9592,13.7344,5.0,5.0
9891,17.22448492050171,9592,20.987520000000004,5.0,5.0
9892,17.225921869277954,9592,26.790016000000005,5.0,5.0
9896,17.231602907180786,9592,20.973190553600006,5.0,5.0
9897,17.23307752609253,9592,26.778552442880006,5.0,5.0
9900,17.24093532562256,9592,21.422841954304005,5.0,5.0
9906,17.253569841384888,9592,18.77479606448292,5.0,5.0
9908,17.25851583480835,9592,25.019836851586337,5.0,5.0
9910,17.26110529899597,9592,20.01586948126907,5.0,5.0
9912,17.263429880142212,9592,26.01269558501526,5.0,5.0
9914,17.266125202178955,9592,30.81015646801221,5.0,5.0
9920,17.27378487586975,9592,10.095872071438244,5.0,5.0
9930,17.28833770751953,9592,5.0,5.0,5.0
9939,17.312988996505737,9592,14.0,5.0,5.0
9940,17.314388275146484,9592,11.200000000000001,5.0,5.0
9944,17.319042682647705,9592,15.7344,5.0,5.0
9950,17.33374333381653,9592,12.587520000000001,5.0,5.0
9956,17.34430742263794,9592,15.155848192000002,5.0,5.0
9960,17.351412534713745,9592,9.699742842880003,5.0,5.0
9961,17.353018283843994,9592,17.759794274304003,5.0,5.0
9962,17.354665994644165,9592,24.207835419443203,5.0,5.0
9964,17.357699632644653,9592,25.493014668443653,5.0,5.0
9966,17.36040186882019,9592,30.394411734754925,5.0,5.0
9968,17.36270308494568,9592,34.31552938780394,5.0,5.0
9970,17.36546564102173,9592,21.961938808194525,5.0,5.0
9976,17.37982177734375,9592,24.055640837244496,5.0,5.0
9977,17.381224393844604,9592,29.244512669795597,5.0,5.0
9980,17.385053873062134,9592,18.716488108669182,5.0,5.0
9985,17.3984637260437,9592,19.582841911638624,5.0,5.0
9986,17.400001764297485,9592,25.6662735293109,5.0,5.0
9989,17.40388512611389,9592,26.426415058758977,5.0,5.0
9990,17.40723752975464,9592,26.426415058758977,5.0,5.0
9991,17.40870451927185,9592,31.141132047007183,5.0,5.0
9994,17.415164947509766,9592,29.9303245100846,5.0,5.0
9997,17.418776988983154,9592,29.155407686454147,5.0,5.0
10000,17.424849033355713,9592,18.659460919330655,5.0,5.0
10003,17.429020404815674,9592,19.553643990697296,5.0,5.0
10004,17.4337215423584,9592,25.642915192557837,5.0,5.0
10010,17.44492793083191,9592,10.503338062871693,5.0,5.0
10012,17.44779109954834,9592,18.402670450297357,5.0,5.0
10016,17.453047275543213,9592,19.42216727055225,5.0,5.0
10020,17.459385871887207,9592,12.43018705315344,5.0,5.0
10025,17.468437910079956,9592,17.955319714018202,5.0,5.0
10030,17.477299690246582,9592,14.364255771214562,5.0,5.0
10031,17.478885173797607,9592,21.49140461697165,5.0,5.0
10032,17.480425357818604,9592,27.19312369357732,5.0,5.0
10036,17.488508462905884,9592,23.92287933111159,5.0,5.0
10037,17.490071058273315,9592,29.138303464889272,5.0,5.0
10040,17.498111486434937,9592,28.648514217529137,5.0,5.0
10042,17.501190185546875,9592,28.335049099218647,5.0,5.0
10050,17.51315999031067,9592,14.50754513879995,5.0,5.0
10055,17.52167773246765,9592,19.284828888831967,5.0,5.0
10056,17.52322268486023,9592,25.427863111065577,5.0,5.0
10060,17.53143286705017,9592,13.019065912865578,5.0,5.0
10062,17.534382820129395,9592,18.33220218423397,5.0,5.0
10064,17.537158250808716,9592,24.66576174738718,5.0,5.0
10065,17.53868055343628,9592,29.732609397909744,5.0,5.0
10069,17.54647731781006,9592,25.223096011729794,5.0,5.0
10070,17.54779553413391,9592,20.178476809383838,5.0,5.0
10080,17.562833786010742,9592,8.265104101123622,5.0,5.0
10081,17.56436324119568,9592,16.612083280898897,5.0,5.0
10090,17.581228256225586,9592,5.0,5.0,5.0
10098,17.602198600769043,9592,14.0,5.0,5.0
10100,17.607006788253784,9592,11.200000000000001,5.0,5.0
10109,17.627841472625732,9592,15.7344,5.0,5.0
10110,17.62908387184143,9592,12.587520000000001,5.0,5.0
10118,17.641743183135986,9592,16.444810240000002,5.0,5.0
10120,17.646623373031616,9592,13.155848192000002,5.0,5.0
10125,17.655943393707275,9592,16.735794274304002,5.0,5.0
10126,17.657421827316284,9592,23.388635419443204,5.0,5.0
10130,17.662121534347534,9592,11.974981334754922,5.0,5.0
10135,17.67122983932495,9592,14.904952354715617,5.0,5.0
10138,17.675473928451538,9592,17.631335605614396,5.0,5.0
10140,17.68050980567932,9592,14.105068484491518,5.0,5.0
10150,17.701382637023926,9592,5.777436051247728,5.0,5.0
10152,17.70426106452942,9592,14.621948840998183,5.0,5.0
10160,17.71932339668274,9592,5.9891502452728576,5.0,5.0
10170,17.73961639404297,9592,5.0,5.0,5.0
10173,17.743865489959717,9592,14.0,5.0,5.0
10178,17.752212524414062,9592,18.96,5.0,5.0
10179,17.75371217727661,9592,25.168,5.0,5.0
10180,17.754960775375366,9592,20.1344,5.0,5.0
10181,17.75647258758545,9592,26.10752,5.0,5.0
10187,17.764268398284912,9592,23.36705024,5.0,5.0
10190,17.768362760543823,9592,24.9549121536,5.0,5.0
10194,17.77321743965149,9592,25.971143778304,5.0,5.0
10200,17.780975341796875,9592,10.63778049159332,5.0,5.0
10202,17.783877849578857,9592,16.808179514619724,5.0,5.0
10210,17.802103996276855,9592,6.88463032918824,5.0,5.0
10220,17.823050260543823,9592,5.0,5.0,5.0
10221,17.82468008995056,9592,14.0,5.0,5.0
10228,17.846303701400757,9592,17.168,5.0,5.0
10230,17.84901762008667,9592,10.987520000000002,5.0,5.0
10240,17.87068772315979,9592,5.0,5.0,5.0
10250,17.892253637313843,9592,5.0,5.0,5.0
10260,17.90881109237671,9592,5.0,5.0,5.0
10265,17.91548752784729,9592,14.0,5.0,5.0
10269,17.919854640960693,9592,18.96,5.0,5.0
10270,17.923473834991455,9592,18.96,5.0,5.0
10275,17.932621240615845,9592,19.707520000000002,5.0,5.0
10279,17.94014024734497,9592,22.6128128,5.0,5.0
10280,17.94370174407959,9592,22.6128128,5.0,5.0
10284,17.95152473449707,9592,21.577760153600003,5.0,5.0
10286,17.956512212753296,9592,27.262208122880004,5.0,5.0
10287,17.958170652389526,9592,31.809766498304004,5.0,5.0
10289,17.960968255996704,9592,30.358250558914563,5.0,5.0
10290,17.9621000289917,9592,30.358250558914563,5.0,5.0
10296,17.970083236694336,9592,19.94779154314513,5.0,5.0
10299,17.974085092544556,9592,22.766586587612885,5.0,5.0
10300,17.975359201431274,9592,18.213269270090308,5.0,5.0
10310,17.99116587638855,9592,14.0,5.0,5.0
10311,17.99261236190796,9592,21.200000000000003,5.0,5.0
10320,18.010742902755737,9592,8.683520000000005,5.0,5.0
10325,18.019815683364868,9592,14.445962240000004,5.0,5.0
10330,18.02812385559082,9592,11.556769792000004,5.0,5.0
10333,18.03449058532715,9592,17.396332666880003,5.0,5.0
10334,18.035948991775513,9592,23.917066133504,5.0,5.0
10337,18.040077686309814,9592,22.24553786035405,5.0,5.0
10338,18.041487216949463,9592,27.796430288283243,5.0,5.0
10339,18.042899131774902,9592,32.2371442306266,5.0,5.0
10340,18.044029235839844,9592,32.2371442306266,5.0,5.0
10342,18.046862363815308,9592,30.631772307601025,5.0,5.0
10345,18.053357362747192,9592,29.60433427686466,5.0,5.0
10347,18.05609369277954,9592,28.94677393719338,5.0,5.0
10350,18.062194108963013,9592,18.525935319803764,5.0,5.0
10360,18.08305811882019,9592,11.85659860467441,5.0,5.0
10361,18.084611654281616,9592,19.48527888373953,5.0,5.0
10364,18.088256120681763,9592,22.4705784855933,5.0,5.0
10365,18.089786291122437,9592,27.97646278847464,5.0,5.0
10370,18.10110378265381,9592,14.323948947699021,5.0,5.0
10380,18.12050223350525,9592,5.86708948897752,5.0,5.0
10382,18.12324547767639,9592,14.693671591182017,5.0,5.0
10383,18.124730587005615,9592,21.754937272945615,5.0,5.0
10384,18.126225233078003,9592,27.40394981835649,5.0,5.0
10390,18.136525630950928,9592,11.22465784559882,5.0,5.0
10396,18.147079706192017,9592,14.597619853557276,5.0,5.0
10397,18.14868402481079,9592,21.678095882845824,5.0,5.0
10400,18.154993772506714,9592,23.87398136502133,5.0,5.0
10401,18.15648651123047,9592,29.099185092017063,5.0,5.0
10402,18.15805459022522,9592,33.27934807361365,5.0,5.0
10404,18.16082215309143,9592,31.298782767112737,5.0,5.0
10410,18.170945405960083,9592,20.031220970952155,5.0,5.0
10420,18.190544366836548,9592,10.255985137127505,5.0,5.0
10426,18.20309019088745,9592,14.200851512167427,5.0,5.0
10430,18.2079119682312,9592,9.088544967787154,5.0,5.0
10437,18.219213724136353,9592,17.270835974229723,5.0,5.0
10440,18.225305557250977,9592,11.053335023507024,5.0,5.0
10443,18.229527711868286,9592,15.659307532035598,5.0,5.0
10444,18.23104238510132,9592,22.52744602562848,5.0,5.0
10449,18.239190101623535,9592,28.021956820502783,5.0,5.0
10450,18.240452527999878,9592,22.41756545640223,5.0,5.0
10460,18.256866455078125,9592,7.345787848753884,5.0,5.0
10461,18.258399963378906,9592,15.876630279003107,5.0,5.0
10470,18.27887272834778,9592,8.128834702849593,5.0,5.0
10480,18.29695987701416,9592,5.0,5.0,5.0
10483,18.30369734764099,9592,14.0,5.0,5.0
10490,18.320102214813232,9592,5.734400000000001,5.0,5.0
10498,18.32976984977722,9592,14.0,5.0,5.0
10500,18.332318782806396,9592,11.200000000000001,5.0,5.0
10502,18.33742618560791,9592,18.96,5.0,5.0
10510,18.35636615753174,9592,17.766016,5.0,5.0
10516,18.37242102622986,9592,21.370250240000004,5.0,5.0
10520,18.3777756690979,9592,13.676960153600005,5.0,5.0
10522,18.3807852268219,9592,18.753254498304003,5.0,5.0
10523,18.38226580619812,9592,25.002603598643205,5.0,5.0
10524,18.383768558502197,9592,30.002082878914564,5.0,5.0
10528,18.389132976531982,9592,25.36106643400426,5.0,5.0
10529,18.3907151222229,9592,30.28885314720341,5.0,5.0
10530,18.391865968704224,9592,30.28885314720341,5.0,5.0
10535,18.40184473991394,9592,22.40631424909452,5.0,5.0
10538,18.411412477493286,9592,27.925051399275617,5.0,5.0
10539,18.412938833236694,9592,32.34004111942049,5.0,5.0
10540,18.414286375045776,9592,25.872032895536393,5.0,5.0
10541,18.415762186050415,9592,30.697626316429115,5.0,5.0
10542,18.417200565338135,9592,34.55810105314329,5.0,5.0
10544,18.419952154159546,9592,32.11718467401171,5.0,5.0
10548,18.424917697906494,9592,26.443998553094,5.0,5.0
10550,18.430400848388672,9592,31.1551988424752,5.0,5.0
10556,18.440845012664795,9592,22.761169445877847,5.0,5.0
10557,18.442479133605957,9592,28.20893555670228,5.0,5.0
10558,18.444053888320923,9592,32.56714844536182,5.0,5.0
10560,18.450621128082275,9592,26.05371875628946,5.0,5.0
10561,18.45221710205078,9592,30.84297500503157,5.0,5.0
10564,18.45646023750305,9592,29.739504003220205,5.0,5.0
10566,18.4609477519989,9592,29.033282562060933,5.0,5.0
10567,18.46269154548645,9592,33.22662604964874,5.0,5.0
10569,18.466721296310425,9592,31.265040671775196,5.0,5.0
10570,18.468689441680908,9592,25.012032537420158,5.0,5.0
10575,18.4888756275177,9592,22.806160659159126,5.0,5.0
10580,18.49689221382141,9592,11.676754257489472,5.0,5.0
10582,18.499574184417725,9592,17.473122724793264,5.0,5.0
10586,18.508075952529907,9592,21.18279854386769,5.0,5.0
10589,18.51377296447754,9592,23.556991068075323,5.0,5.0
10590,18.515733003616333,9592,18.84559285446026,5.0,5.0
10598,18.528902292251587,9592,17.719154833186924,5.0,5.0
10600,18.53463387489319,9592,14.17532386654954,5.0,5.0
10610,18.56146001815796,9592,7.257765819673366,5.0,5.0
10615,18.5708270072937,9592,14.0,5.0,5.0
10620,18.58301877975464,9592,11.200000000000001,5.0,5.0
10630,18.611863613128662,9592,14.587520000000001,5.0,5.0
10632,18.614673852920532,9592,19.336012800000002,5.0,5.0
10635,18.62128710746765,9592,25.468810240000003,5.0,5.0
10636,18.622767210006714,9592,30.375048192000005,5.0,5.0
10638,18.625070333480835,9592,34.300038553600004,5.0,5.0
10640,18.627583026885986,9592,27.440030842880006,5.0,5.0
10642,18.630530834197998,9592,31.952024674304006,5.0,5.0
10647,18.63705039024353,9592,20.470039445275937,5.0,5.0
10649,18.639796018600464,9592,23.100825244976598,5.0,5.0
10650,18.641067266464233,9592,18.48066019598128,5.0,5.0
10654,18.64913773536682,9592,19.462098020342417,5.0,5.0
10655,18.650636434555054,9592,25.569678416273934,5.0,5.0
10659,18.65889000892639,9592,23.09167534913226,5.0,5.0
10660,18.663327932357788,9592,23.09167534913226,5.0,5.0
10666,18.670947313308716,9592,21.82293777875572,5.0,5.0
10669,18.675127506256104,9592,21.173344142722932,5.0,5.0
10670,18.676636457443237,9592,26.938675314178347,5.0,5.0
10672,18.684473276138306,9592,31.55094025134268,5.0,5.0
10675,18.694527626037598,9592,35.240752201074145,5.0,5.0
10679,18.702826261520386,9592,28.043265126949965,5.0,5.0
10680,18.704337120056152,9592,32.43461210155998,5.0,5.0
10690,18.724642515182495,9592,10.628173693439175,5.0,5.0
10695,18.73669695854187,9592,16.80203116380107,5.0,5.0
10697,18.742204666137695,9592,23.441624931040856,5.0,5.0
10698,18.74376678466797,9592,28.753299944832687,5.0,5.0
10700,18.746718883514404,9592,28.40211196469292,5.0,5.0
10710,18.7678701877594,9592,19.30680404859058,5.0,5.0
10720,18.80141544342041,9592,7.908066938302703,5.0,5.0
10725,18.815081119537354,9592,16.326453550642164,5.0,5.0
10727,18.817973136901855,9592,20.448930272410983,5.0,5.0
10730,18.821874618530273,9592,10.469852299474425,5.0,5.0
10736,18.830121517181396,9592,14.288451501864724,5.0,5.0
10740,18.837374448776245,9592,17.31568716895474,5.0,5.0
10743,18.841652631759644,9592,18.865631830504828,5.0,5.0
10746,18.84749674797058,9592,25.092505464403864,5.0,5.0
10747,18.849010467529297,9592,30.074004371523092,5.0,5.0
10749,18.851884841918945,9592,29.247362797774784,5.0,5.0
10750,18.85319471359253,9592,23.39789023821983,5.0,5.0
10760,18.870032787322998,9592,7.667020673259876,5.0,5.0
10762,18.875036478042603,9592,16.133616538607903,5.0,5.0
10770,18.890039920806885,9592,15.286663467371039,5.0,5.0
10773,18.896450757980347,9592,19.783464619117467,5.0,5.0
10774,18.897929191589355,9592,25.826771695293974,5.0,5.0
10780,18.908020496368408,9592,13.223307107990516,5.0,5.0
10790,18.9313645362854,9592,15.416266591432915,5.0,5.0
10800,18.950337648391724,9592,7.893128494813654,5.0,5.0
10803,18.956550121307373,9592,16.314502795850924,5.0,5.0
10809,18.96677017211914,9592,16.68242034518054,5.0,5.0
10810,18.968026161193848,9592,13.345936276144432,5.0,5.0
10811,18.969561100006104,9592,20.676749020915544,5.0,5.0
10820,18.985958099365234,9592,13.23311937338595,5.0,5.0
10822,18.988970518112183,9592,18.469196398967007,5.0,5.0
10830,19.004074811935425,9592,6.05198627601351,5.0,5.0
10839,19.02630591392517,9592,14.0,5.0,5.0
10840,19.029404401779175,9592,14.0,5.0,5.0
10842,19.032447338104248,9592,18.96,5.0,5.0
10845,19.036649703979492,9592,19.707520000000002,5.0,5.0
10846,19.03810167312622,9592,25.766016,5.0,5.0
10847,19.03963303565979,9592,30.6128128,5.0,5.0
10850,19.043819665908813,9592,29.592200192000004,5.0,5.0
10860,19.061229944229126,9592,9.696772158914564,5.0,5.0
10870,19.08255124092102,9592,5.0,5.0,5.0
10880,19.09821105003357,9592,5.0,5.0,5.0
10883,19.102189302444458,9592,14.0,5.0,5.0
10890,19.117781400680542,9592,11.200000000000001,5.0,5.0
10898,19.13248348236084,9592,14.587520000000001,5.0,5.0
10900,19.13518714904785,9592,9.336012800000002,5.0,5.0
10910,19.152509450912476,9592,5.0,5.0,5.0
10911,19.15409207344055,9592,14.0,5.0,5.0
10912,19.155568599700928,9592,21.200000000000003,5.0,5.0
10913,19.157002687454224,9592,26.960000000000004,5.0,5.0
10920,19.16791009902954,9592,13.803520000000004,5.0,5.0
10930,19.188801765441895,9592,7.067402240000003,5.0,5.0
10940,19.21025538444519,9592,5.0,5.0,5.0
10950,19.234750986099243,9592,5.0,5.0,5.0
10953,19.24103856086731,9592,14.0,5.0,5.0
10960,19.256575345993042,9592,8.96,5.0,5.0
10966,19.26930332183838,9592,14.0,5.0,5.0
10968,19.272055625915527,9592,18.96,5.0,5.0
10970,19.274550199508667,9592,15.168000000000001,5.0,5.0
10975,19.28375816345215,9592,16.212812800000002,5.0,5.0
10977,19.28666114807129,9592,20.376200192000002,5.0,5.0
10980,19.29337167739868,9592,13.040768122880003,5.0,5.0
10990,19.310599088668823,9592,5.341498623131651,5.0,5.0
10993,19.31935739517212,9592,14.27319889850532,5.0,5.0
10996,19.323376893997192,9592,19.134847295043407,5.0,5.0
10997,19.325007677078247,9592,25.307877836034727,5.0,5.0
11000,19.33073115348816,9592,20.246302268827783,5.0,5.0
11002,19.333739042282104,9592,22.957633452049784,5.0,5.0
11006,19.34364080429077,9592,28.366106761639827,5.0,5.0
11010,19.348967790603638,9592,11.618757329567677,5.0,5.0
11016,19.35932183265686,9592,14.759043002190921,5.0,5.0
11020,19.366841316223145,9592,14.759043002190921,5.0,5.0
11023,19.371217727661133,9592,17.55663001712175,5.0,5.0
11025,19.373966932296753,9592,24.045304013697404,5.0,5.0
11026,19.375510692596436,9592,29.236243210957923,5.0,5.0
11029,19.37920570373535,9592,24.96895652401046,5.0,5.0
11030,19.38051724433899,9592,19.975165219208368,5.0,5.0
11040,19.40276527404785,9592,6.5454621390301995,5.0,5.0
11041,19.40432119369507,9592,15.23636971122416,5.0,5.0
11050,19.420567989349365,9592,5.0,5.0,5.0
11060,19.43718671798706,9592,5.0,5.0,5.0
11063,19.44136357307434,9592,14.0,5.0,5.0
11065,19.444180727005005,9592,18.96,5.0,5.0
11070,19.453221797943115,9592,19.707520000000002,5.0,5.0
11080,19.479848623275757,9592,10.090250240000003,5.0,5.0
11087,19.503283500671387,9592,16.457760153600002,5.0,5.0
11090,19.50989842414856,9592,10.532966498304003,5.0,5.0
11098,19.52534508705139,9592,15.392878847131652,5.0,5.0
11100,19.52816915512085,9592,9.851442462164258,5.0,5.0
11105,19.539727210998535,9592,16.304923175785127,5.0,5.0
11109,19.545708179473877,9592,18.34812066600199,5.0,5.0
11110,19.546885013580322,9592,18.34812066600199,5.0,5.0
11117,19.558412790298462,9592,19.39423778099302,5.0,5.0
11120,19.562597513198853,9592,12.412312179835533,5.0,5.0
11130,19.583754777908325,9592,7.943879795094742,5.0,5.0
11133,19.59076762199402,9592,16.355103836075795,5.0,5.0
11140,19.603679180145264,9592,6.699050531256647,5.0,5.0
11141,19.607097387313843,9592,15.359240425005318,5.0,5.0
11149,19.623067140579224,9592,16.29114487808218,5.0,5.0
11150,19.62421727180481,9592,16.29114487808218,5.0,5.0
11154,19.629751205444336,9592,20.426332721972596,5.0,5.0
11160,19.640766382217407,9592,8.366625882919976,5.0,5.0
11163,19.64748764038086,9592,16.693300706335982,5.0,5.0
11164,19.64907431602478,9592,23.354640565068784,5.0,5.0
11168,19.6546893119812,9592,21.957575969315222,5.0,5.0
11170,19.65701413154602,9592,14.052848620361743,5.0,5.0
11175,19.665913581848145,9592,21.242278896289395,5.0,5.0
11176,19.667462587356567,9592,26.993823117031518,5.0,5.0
11177,19.66903042793274,9592,31.595058493625217,5.0,5.0
11179,19.671960830688477,9592,30.220837435920142,5.0,5.0
11180,19.67352819442749,9592,34.17666994873612,5.0,5.0
11186,19.681474924087524,9592,23.998764011002315,5.0,5.0
11190,19.686909914016724,9592,9.829893738906549,5.0,5.0
11200,19.709177494049072,9592,5.0329055943201535,5.0,5.0
11210,19.739107608795166,9592,5.0,5.0,5.0
11216,19.749703407287598,9592,14.0,5.0,5.0
11220,19.757222175598145,9592,7.168000000000001,5.0,5.0
11230,19.778764724731445,9592,5.0,5.0,5.0
11234,19.784221649169922,9592,14.0,5.0,5.0
11240,19.797048091888428,9592,17.168,5.0,5.0
11245,19.80366039276123,9592,17.0320128,5.0,5.0
11248,19.807358264923096,9592,20.900488192,5.0,5.0
11250,19.810230255126953,9592,16.7203905536,5.0,5.0
11255,19.828892707824707,9592,18.5608399634432,5.0,5.0
11256,19.831385612487793,9592,24.84867197075456,5.0,5.0
11259,19.83569097518921,9592,25.90315006128292,5.0,5.0
11260,19.836989164352417,9592,20.722520049026336,5.0,5.0
11270,19.86025309562683,9592,5.432284295731961,5.0,5.0
11272,19.866018533706665,9592,14.34582743658557,5.0,5.0
11273,19.867697954177856,9592,21.476661949268454,5.0,5.0
11280,19.87638831138611,9592,8.79684073442036,5.0,5.0
11282,19.879211902618408,9592,17.03747258753629,5.0,5.0
11283,19.880772590637207,9592,23.629978070029033,5.0,5.0
11284,19.88224458694458,9592,28.903982456023225,5.0,5.0
11285,19.883822917938232,9592,33.12318596481858,5.0,5.0
11289,19.89216637611389,9592,26.959071213987116,5.0,5.0
11290,19.893508434295654,9592,21.567256971189693,5.0,5.0
11292,19.896583318710327,9592,23.803044461561406,5.0,5.0
11300,19.909666776657104,9592,19.749727011455555,5.0,5.0
11302,19.91474413871765,9592,25.799781609164445,5.0,5.0
11305,19.928995847702026,9592,30.639825287331558,5.0,5.0
11307,19.93381690979004,9592,29.6094881838922,5.0,5.0
11308,19.93534255027771,9592,33.68759054711376,5.0,5.0
11309,19.936896800994873,9592,36.950072437691006,5.0,5.0
11310,19.938186168670654,9592,29.560057950152807,5.0,5.0
11316,19.945953845977783,9592,19.686239789106075,5.0,5.0
11318,19.9488365650177,9592,22.599193465027888,5.0,5.0
11320,19.95147967338562,9592,14.463483817617849,5.0,5.0
11323,19.955674648284912,9592,19.256629643275424,5.0,5.0
11330,19.980018377304077,9592,7.887515501885615,5.0,5.0
11338,20.00260877609253,9592,15.048009921206795,5.0,5.0
11340,20.006999731063843,9592,12.038407936965436,5.0,5.0
11348,20.022831439971924,9592,14.0,5.0,5.0
11350,20.029834032058716,9592,14.0,5.0,5.0
11351,20.031404733657837,9592,21.200000000000003,5.0,5.0
11352,20.032971382141113,9592,26.960000000000004,5.0,5.0
11355,20.036996364593506,9592,27.254400000000004,5.0,5.0
11360,20.054787635803223,9592,27.442816000000004,5.0,5.0
11361,20.05643320083618,9592,31.954252800000006,5.0,5.0
11363,20.05927538871765,9592,30.450721792000007,5.0,5.0
11370,20.07681703567505,9592,12.472615646003206,5.0,5.0
11371,20.079426527023315,9592,19.978092516802565,5.0,5.0
11373,20.084758043289185,9592,25.98247401344205,5.0,5.0
11374,20.08632183074951,9592,30.78597921075364,5.0,5.0
11375,20.087896585464478,9592,34.62878336860291,5.0,5.0
11380,20.094276666641235,9592,22.162421355905863,5.0,5.0
11381,20.09585213661194,9592,27.729937084724693,5.0,5.0
11384,20.102392435073853,9592,27.747159734223807,5.0,5.0
11390,20.11936068534851,9592,14.206545783922591,5.0,5.0
11391,20.121013164520264,9592,21.365236627138074,5.0,5.0
11392,20.12249493598938,9592,27.09218930171046,5.0,5.0
11393,20.123953819274902,9592,31.673751441368367,5.0,5.0
11394,20.12535858154297,9592,35.3390011530947,5.0,5.0
11395,20.126818418502808,9592,38.27120092247576,5.0,5.0
11400,20.13352108001709,9592,12.540707118276858,5.0,5.0
11407,20.1511549949646,9592,16.42084204455775,5.0,5.0
11410,20.165180206298828,9592,23.136673635646204,5.0,5.0
11420,20.180031299591064,9592,9.476781521160687,5.0,5.0
11421,20.181698322296143,9592,17.58142521692855,5.0,5.0
11430,20.211352825164795,9592,9.001689711067419,5.0,5.0
11431,20.213083505630493,9592,17.201351768853936,5.0,5.0
11435,20.221822500228882,9592,21.008865132066518,5.0,5.0
11440,20.241155862808228,9592,13.445673684522573,5.0,5.0
11442,20.24409508705139,9592,20.75653894761806,5.0,5.0
11443,20.245644330978394,9592,26.60523115809445,5.0,5.0
11450,20.25507640838623,9592,16.97440171670751,5.0,5.0
11458,20.267175436019897,9592,15.562171954530719,5.0,5.0
11459,20.26863121986389,9592,22.449737563624574,5.0,5.0
11460,20.272061347961426,9592,22.449737563624574,5.0,5.0
11466,20.280181407928467,9592,15.885064003878801,5.0,5.0
11470,20.284987688064575,9592,8.133152769985946,5.0,5.0
11472,20.29020380973816,9592,16.506522215988756,5.0,5.0
11480,20.30610156059265,9592,10.564174218232806,5.0,5.0
11483,20.312596559524536,9592,18.451339374586247,5.0,5.0
11485,20.315372228622437,9592,21.8088571997352,5.0,5.0
11490,20.32627534866333,9592,11.166134886264425,5.0,5.0
11497,20.34481978416443,9592,17.14632632720923,5.0,5.0
11498,20.34630060195923,9592,23.717061061767385,5.0,5.0
11500,20.34895372390747,9592,15.178919079531127,5.0,5.0
11502,20.35415482521057,9592,22.143135263624902,5.0,5.0
11503,20.355712413787842,9592,27.714508210899922,5.0,5.0
11510,20.364620685577393,9592,11.35186256318461,5.0,5.0
11520,20.388703107833862,9592,7.265192040438151,5.0,5.0
11530,20.408150672912598,9592,5.0,5.0,5.0
11532,20.410955667495728,9592,14.0,5.0,5.0
11535,20.417481422424316,9592,18.96,5.0,5.0
11537,20.42034363746643,9592,22.1344,5.0,5.0
11538,20.4218807220459,9592,27.70752,5.0,5.0
11539,20.423303842544556,9592,32.166016,5.0,5.0
11540,20.424618244171143,9592,25.7328128,5.0,5.0
11550,20.442066431045532,9592,8.432128098304004,5.0,5.0
11551,20.443559646606445,9592,16.745702478643203,5.0,5.0
11552,20.445051193237305,9592,23.396561982914562,5.0,5.0
11554,20.447847604751587,9592,24.973799669065322,5.0,5.0
11557,20.45423436164856,9592,25.983231788201806,5.0,5.0
11560,20.457793951034546,9592,26.629268344449155,5.0,5.0
11563,20.46456027030945,9592,27.04273174044746,5.0,5.0
11564,20.466795682907104,9592,31.63418539235797,5.0,5.0
11565,20.468544244766235,9592,35.30734831388638,5.0,5.0
11570,20.475359201431274,9592,11.569511895494292,5.0,5.0
11579,20.49382996559143,9592,15.923590090493079,5.0,5.0
11580,20.49512243270874,9592,12.738872072394464,5.0,5.0
11582,20.497994899749756,9592,18.15287812633246,5.0,5.0
11587,20.504225730895996,9592,19.29427360068222,5.0,5.0
11590,20.510504245758057,9592,25.435418880545775,5.0,5.0
11591,20.51203680038452,9592,30.34833510443662,5.0,5.0
11592,20.513486623764038,9592,34.2786680835493,5.0,5.0
11598,20.525856018066406,9592,31.938347573471553,5.0,5.0
11600,20.52842354774475,9592,25.550678058777244,5.0,5.0
11610,20.549201011657715,9592,8.37244618630013,5.0,5.0
11611,20.550827264785767,9592,16.697956949040105,5.0,5.0
11620,20.57125496864319,9592,10.686692447385667,5.0,5.0
11630,20.59248638153076,9592,5.471586533061463,5.0,5.0
11638,20.60784602165222,9592,14.0,5.0,5.0
11640,20.6100594997406,9592,8.96,5.0,5.0
11642,20.612816333770752,9592,17.168,5.0,5.0
11646,20.618085384368896,9592,18.790016,5.0,5.0
11647,20.619547605514526,9592,25.032012800000004,5.0,5.0
11650,20.624757051467896,9592,16.020488192000006,5.0,5.0
11654,20.630215883255005,9592,18.202489954304006,5.0,5.0
11655,20.632301807403564,9592,24.561991963443205,5.0,5.0
11657,20.636842489242554,9592,25.719674856603653,5.0,5.0
11660,20.64128279685974,9592,23.168473526581074,5.0,5.0
11665,20.647716522216797,9592,21.862258445609513,5.0,5.0
11670,20.65429949760437,9592,18.95478105932166,5.0,5.0
11672,20.657161235809326,9592,22.131059877965864,5.0,5.0
11677,20.666439533233643,9592,19.06488212601482,5.0,5.0
11680,20.675323724746704,9592,15.251905700811855,5.0,5.0
11681,20.676897525787354,9592,22.201524560649485,5.0,5.0
11683,20.679701566696167,9592,27.76121964851959,5.0,5.0
11688,20.68630361557007,9592,21.370995568033628,5.0,5.0
11690,20.693655490875244,9592,21.370995568033628,5.0,5.0
11692,20.698676109313965,9592,27.096796454426904,5.0,5.0
11695,20.70507287979126,9592,27.34194973083322,5.0,5.0
11700,20.714252710342407,9592,27.498847827733265,5.0,5.0
11703,20.718406200408936,9592,27.599262609749292,5.0,5.0
11705,20.72083854675293,9592,27.663528070239547,5.0,5.0
11710,20.732585668563843,9592,14.163726371962648,5.0,5.0
11719,20.74688196182251,9592,14.641169857564723,5.0,5.0
11720,20.748188018798828,9592,11.71293588605178,5.0,5.0
11723,20.75233244895935,9592,19.370348708841426,5.0,5.0
11730,20.76514768600464,9592,9.917618538926812,5.0,5.0
11735,20.774107456207275,9592,15.07782069193053,5.0,5.0
11740,20.78492522239685,9592,7.719844194268433,5.0,5.0
11742,20.789948225021362,9592,16.175875355414746,5.0,5.0
11745,20.797250747680664,9592,20.35256022746544,5.0,5.0
11747,20.80018377304077,9592,23.025638545577884,5.0,5.0
11748,20.801698446273804,9592,28.42051083646231,5.0,5.0
11749,20.803257703781128,9592,32.73640866916985,5.0,5.0
11750,20.804436683654785,9592,32.73640866916985,5.0,5.0
11751,20.806031465530396,9592,36.18912693533588,5.0,5.0
11760,20.827219486236572,9592,21.858453114170864,5.0,5.0
11761,20.828693628311157,9592,27.48676249133669,5.0,5.0
11763,20.831629991531372,9592,27.591527994455486,5.0,5.0
11770,20.847605228424072,9592,14.126862333161212,5.0,5.0
11771,20.8491427898407,9592,21.301489866528968,5.0,5.0
11780,20.86576557159424,9592,16.980072199464214,5.0,5.0
11790,20.89038920402527,9592,6.955037572900544,5.0,5.0
11795,20.89983868598938,9592,14.0,5.0,5.0
11800,20.905933141708374,9592,7.168000000000001,5.0,5.0
11801,20.907573223114014,9592,15.7344,5.0,5.0
11805,20.912484169006348,9592,18.056012800000005,5.0,5.0
11809,20.917606830596924,9592,17.395742842880004,5.0,5.0
11810,20.919074296951294,9592,23.916594274304003,5.0,5.0
11820,20.934499502182007,9592,6.269591689443151,5.0,5.0
11830,20.951124906539917,9592,5.0,5.0,5.0
11840,20.965346574783325,9592,5.0,5.0,5.0
11846,20.985469579696655,9592,14.0,5.0,5.0
11850,20.99840474128723,9592,14.0,5.0,5.0
11852,21.001468658447266,9592,18.96,5.0,5.0
11857,21.01296591758728,9592,22.1344,5.0,5.0
11858,21.01447057723999,9592,27.70752,5.0,5.0
11859,21.01598620414734,9592,32.166016,5.0,5.0
11860,21.017127990722656,9592,32.166016,5.0,5.0
11863,21.0213840007782,9592,26.469000192000003,5.0,5.0
11864,21.02291250228882,9592,31.175200153600002,5.0,5.0
11865,21.02442216873169,9592,34.94016012288,5.0,5.0
11870,21.03552556037903,9592,22.361702478643203,5.0,5.0
11871,21.037152767181396,9592,27.88936198291456,5.0,5.0
11873,21.0406391620636,9592,27.84919166906532,5.0,5.0
11877,21.04882049560547,9592,24.258786134561447,5.0,5.0
11879,21.051883459091187,9592,25.525623126119328,5.0,5.0
11880,21.05338954925537,9592,30.420498500895462,5.0,5.0
11887,21.062851667404175,9592,19.96818894877343,5.0,5.0
11889,21.065712928771973,9592,22.779640927215,5.0,5.0
11890,21.06661891937256,9592,18.223712741772,5.0,5.0
11897,21.07586097717285,9592,15.971546191223851,5.0,5.0
11900,21.082594633102417,9592,10.221789562383265,5.0,5.0
11901,21.084216594696045,9592,18.177431649906612,5.0,5.0
11910,21.102540731430054,9592,9.306845004752187,5.0,5.0
11917,21.112011909484863,9592,14.765104642433121,5.0,5.0
11918,21.113548040390015,9592,21.8120837139465,5.0,5.0
11920,21.118425369262695,9592,17.4496669711572,5.0,5.0
11921,21.120018243789673,9592,23.95973357692576,5.0,5.0
11930,21.136337280273438,9592,19.81390687310879,5.0,5.0
11933,21.142457008361816,9592,25.851125498487036,5.0,5.0
11940,21.153881549835205,9592,6.77671744267539,5.0,5.0
11950,21.17391872406006,9592,5.0,5.0,5.0
11956,21.185839891433716,9592,14.0,5.0,5.0
11959,21.19229483604431,9592,18.96,5.0,5.0
11960,21.193603038787842,9592,15.168000000000001,5.0,5.0
11964,21.203428268432617,9592,22.1344,5.0,5.0
11970,21.21395254135132,9592,19.066250240000002,5.0,5.0
11971,21.215503215789795,9592,25.253000192000002,5.0,5.0
11980,21.235445737838745,9592,18.274903102914564,5.0,5.0
11983,21.239706993103027,9592,19.35675038869226,5.0,5.0
11987,21.247737407684326,9592,19.91065619901044,5.0,5.0
11990,21.251281261444092,9592,10.194255973893348,5.0,5.0
11996,21.26590871810913,9592,15.219459058633396,5.0,5.0
11997,21.267441034317017,9592,22.175567246906716,5.0,5.0
12000,21.27139186859131,9592,17.740453797525372,5.0,5.0
12001,21.272969245910645,9592,24.192363038020297,5.0,5.0
12004,21.277137517929077,9592,25.483112344332994,5.0,5.0
12005,21.278707265853882,9592,30.386489875466395,5.0,5.0
12010,21.288642168045044,9592,22.446306252991036,5.0,5.0
12015,21.298051357269287,9592,21.49250880153141,5.0,5.0
12018,21.30725908279419,9592,27.19400704122513,5.0,5.0
12020,21.309938669204712,9592,21.755205632980108,5.0,5.0
12023,21.31441020965576,9592,21.138665284085818,5.0,5.0
12025,21.319769144058228,9592,26.910932227268656,5.0,5.0
12030,21.328529357910156,9592,17.22299662545194,5.0,5.0
12032,21.33098578453064,9592,23.778397300361554,5.0,5.0
12035,21.337759017944336,9592,25.218174272231394,5.0,5.0
12037,21.340657711029053,9592,30.174539417785116,5.0,5.0
12038,21.342205047607422,9592,34.139631534228094,5.0,5.0
12040,21.344932556152344,9592,21.849364181905983,5.0,5.0
12049,21.361963510513306,9592,21.186874461135865,5.0,5.0
12050,21.363507747650146,9592,26.949499568908692,5.0,5.0
12051,21.365127086639404,9592,31.559599655126956,5.0,5.0
12053,21.370285749435425,9592,35.247679724101566,5.0,5.0
12057,21.377702713012695,9592,28.046812018740003,5.0,5.0
12058,21.379356622695923,9592,32.437449614992005,5.0,5.0
12059,21.380873680114746,9592,35.949959691993605,5.0,5.0
12060,21.384786367416382,9592,35.949959691993605,5.0,5.0
12062,21.38780951499939,9592,33.007974202875914,5.0,5.0
12065,21.39206314086914,9592,31.125103489840587,5.0,5.0
12070,21.39888858795166,9592,10.199073911550967,5.0,5.0
12071,21.400498151779175,9592,18.159259129240773,5.0,5.0
12080,21.42255425453186,9592,17.438032539337023,5.0,5.0
12090,21.437667846679688,9592,5.0,5.0,5.0
12091,21.43923258781433,9592,14.0,5.0,5.0
12094,21.44881319999695,9592,21.200000000000003,5.0,5.0
12095,21.450391054153442,9592,26.960000000000004,5.0,5.0
12096,21.451988458633423,9592,31.568000000000005,5.0,5.0
12100,21.456676483154297,9592,20.203520000000005,5.0,5.0
12110,21.479326963424683,9592,6.6202894336000035,5.0,5.0
12119,21.50326442718506,9592,14.236985237504003,5.0,5.0
12120,21.504449129104614,9592,14.236985237504003,5.0,5.0
12127,21.523879528045654,9592,15.831469153281642,5.0,5.0
12130,21.53256845474243,9592,12.665175322625315,5.0,5.0
12131,21.53423500061035,9592,20.13214025810025,5.0,5.0
12140,21.55538034439087,9592,10.307655812147331,5.0,5.0
12145,21.56697106361389,9592,18.246124649717864,5.0,5.0
12149,21.57499384880066,9592,19.342015820655547,5.0,5.0
12150,21.576356410980225,9592,15.473612656524438,5.0,5.0
12154,21.58432650566101,9592,19.90311210017564,5.0,5.0
12160,21.59229063987732,9592,8.152314716231945,5.0,5.0
12164,21.599921464920044,9592,16.521851772985556,5.0,5.0
12170,21.612094402313232,9592,10.573985134710757,5.0,5.0
12174,21.619764804840088,9592,16.767350486214884,5.0,5.0
12176,21.62489938735962,9592,23.413880388971908,5.0,5.0
12177,21.626425743103027,9592,28.73110431117753,5.0,5.0
12180,21.636476755142212,9592,32.98488344894203,5.0,5.0
12186,21.65180468559265,9592,26.888260325858322,5.0,5.0
12190,21.65934920310974,9592,13.766789286839463,5.0,5.0
12200,21.688186407089233,9592,5.638876891889446,5.0,5.0
12205,21.708566427230835,9592,14.0,5.0,5.0
12210,21.720556259155273,9592,8.96,5.0,5.0
12211,21.72228741645813,9592,17.168,5.0,5.0
12220,21.73695182800293,9592,5.0,5.0,5.0
12226,21.7575421333313,9592,14.0,5.0,5.0
12230,21.763182401657104,9592,17.168,5.0,5.0
12240,21.781999349594116,9592,5.625610240000001,5.0,5.0
12250,21.807291507720947,9592,5.0,5.0,5.0
12260,21.832476377487183,9592,5.0,5.0,5.0
12270,21.85084843635559,9592,5.0,5.0,5.0
12271,21.852463006973267,9592,14.0,5.0,5.0
12280,21.868755102157593,9592,5.734400000000001,5.0,5.0
12290,21.889452695846558,9592,5.0,5.0,5.0
12295,21.900875329971313,9592,14.0,5.0,5.0
12297,21.903902292251587,9592,18.96,5.0,5.0
12300,21.910104751586914,9592,25.168,5.0,5.0
12310,21.930551767349243,9592,10.308812800000002,5.0,5.0
12320,21.950381755828857,9592,5.0,5.0,5.0
12326,21.957956790924072,9592,14.0,5.0,5.0
12330,21.963047742843628,9592,8.96,5.0,5.0
12340,21.98671269416809,9592,5.0,5.0,5.0
12345,21.993274927139282,9592,14.0,5.0,5.0
12346,21.99485683441162,9592,21.200000000000003,5.0,5.0
12350,22.004657983779907,9592,13.568000000000005,5.0,5.0
12360,22.024713277816772,9592,6.9468160000000045,5.0,5.0
12362,22.027693510055542,9592,14.445962240000004,5.0,5.0
12370,22.040847301483154,9592,5.0,5.0,5.0
12372,22.046006679534912,9592,14.0,5.0,5.0
12380,22.062795400619507,9592,7.168000000000001,5.0,5.0
12385,22.07711362838745,9592,14.587520000000001,5.0,5.0
12390,22.09035015106201,9592,14.587520000000001,5.0,5.0
12396,22.103118896484375,9592,15.975048192000003,5.0,5.0
12400,22.10835099220276,9592,10.224030842880003,5.0,5.0
12405,22.11769437789917,9592,14.18776303324365,5.0,5.0
12410,22.12690043449402,9592,5.811307738416599,5.0,5.0
12420,22.150981903076172,9592,5.0,5.0,5.0
12430,22.177881479263306,9592,5.0,5.0,5.0
12440,22.19569230079651,9592,5.0,5.0,5.0
12450,22.21698784828186,9592,5.0,5.0,5.0
12452,22.219871282577515,9592,14.0,5.0,5.0
12459,22.23428726196289,9592,14.587520000000001,5.0,5.0
12460,22.235642910003662,9592,11.670016000000002,5.0,5.0
12461,22.237207412719727,9592,19.336012800000002,5.0,5.0
12470,22.25620937347412,9592,9.900038553600004,5.0,5.0
12480,22.2765634059906,9592,5.0,5.0,5.0
12482,22.279493808746338,9592,14.0,5.0,5.0
12490,22.30113196372986,9592,8.96,5.0,5.0
12499,22.31978487968445,9592,15.7344,5.0,5.0
12500,22.321335554122925,9592,22.58752,5.0,5.0
12502,22.32405924797058,9592,28.070016000000003,5.0,5.0
12503,22.325580596923828,9592,32.4560128,5.0,5.0
12510,22.33501672744751,9592,8.508149019443204,5.0,5.0
12511,22.33657693862915,9592,16.806519215554562,5.0,5.0
12514,22.340470552444458,9592,18.604937838363938,5.0,5.0
12518,22.348446369171143,9592,21.907160216552924,5.0,5.0
12520,22.353591918945312,9592,17.52572817324234,5.0,5.0
12521,22.355201244354248,9592,24.02058253859387,5.0,5.0
12530,22.371636152267456,9592,7.871064486246441,5.0,5.0
12534,22.379575967788696,9592,15.037481271197723,5.0,5.0
12540,22.38953161239624,9592,7.699190410853236,5.0,5.0
12541,22.391087770462036,9592,16.159352328682587,5.0,5.0
12542,22.392592191696167,9592,22.92748186294607,5.0,5.0
12543,22.394050359725952,9592,28.34198549035686,5.0,5.0
12546,22.39802598953247,9592,28.138870713828393,5.0,5.0
12547,22.399535655975342,9592,32.511096571062716,5.0,5.0
12548,22.40114450454712,9592,36.00887725685017,5.0,5.0
12550,22.403855800628662,9592,23.045681444384112,5.0,5.0
12551,22.405444622039795,9592,28.43654515550729,5.0,5.0
12555,22.415586709976196,9592,28.199388899524667,5.0,5.0
12558,22.419676065444946,9592,28.047608895695788,5.0,5.0
12560,22.422277688980103,9592,17.950469693245307,5.0,5.0
12564,22.43209719657898,9592,21.488300603676997,5.0,5.0
12566,22.434882164001465,9592,27.1906404829416,5.0,5.0
12567,22.43647313117981,9592,31.75251238635328,5.0,5.0
12570,22.442713975906372,9592,20.3216079272661,5.0,5.0
12580,22.455992460250854,9592,5.3271875884852475,5.0,5.0
12590,22.477354526519775,9592,5.0,5.0,5.0
12592,22.480308294296265,9592,14.0,5.0,5.0
12593,22.48181939125061,9592,21.200000000000003,5.0,5.0
12600,22.493008375167847,9592,8.683520000000005,5.0,5.0
12605,22.502261877059937,9592,14.445962240000004,5.0,5.0
12609,22.51210045814514,9592,19.245415833600006,5.0,5.0
12610,22.513739824295044,9592,25.396332666880006,5.0,5.0
12620,22.53142213821411,9592,5.325996984501277,5.0,5.0
12621,22.533135175704956,9592,14.260797587601022,5.0,5.0
12624,22.53942084312439,9592,21.40863807008082,5.0,5.0
12630,22.552488327026367,9592,17.126910456064657,5.0,5.0
12640,22.57012391090393,9592,5.612146018243269,5.0,5.0
12650,22.589099884033203,9592,5.0,5.0,5.0
12652,22.591465950012207,9592,14.0,5.0,5.0
12657,22.600046396255493,9592,17.168,5.0,5.0
12658,22.601574897766113,9592,23.7344,5.0,5.0
12660,22.604268789291382,9592,15.190016,5.0,5.0
12670,22.618724822998047,9592,14.0,5.0,5.0
12676,22.626691818237305,9592,14.587520000000001,5.0,5.0
12678,22.629415273666382,9592,21.670016000000004,5.0,5.0
12680,22.63228678703308,9592,27.336012800000002,5.0,5.0
12681,22.63493847846985,9592,31.868810240000002,5.0,5.0
12685,22.643943071365356,9592,26.316830842880005,5.0,5.0
12686,22.645443201065063,9592,31.053464674304006,5.0,5.0
12690,22.652658939361572,9592,19.874217391554566,5.0,5.0
12696,22.665886640548706,9592,18.14047944358075,5.0,5.0
12700,22.676138639450073,9592,9.287925475113346,5.0,5.0
12710,22.70108413696289,9592,5.0,5.0,5.0
12711,22.70281219482422,9592,14.0,5.0,5.0
12720,22.722899913787842,9592,5.734400000000001,5.0,5.0
12730,22.73591160774231,9592,5.0,5.0,5.0
12740,22.758463382720947,9592,5.0,5.0,5.0
12748,22.77960968017578,9592,14.0,5.0,5.0
12750,22.784069061279297,9592,11.200000000000001,5.0,5.0
12758,22.810454607009888,9592,14.587520000000001,5.0,5.0
12759,22.812169551849365,9592,21.670016000000004,5.0,5.0
12760,22.813531637191772,9592,17.336012800000002,5.0,5.0
12770,22.840102672576904,9592,7.100830842880002,5.0,5.0
12772,22.843053340911865,9592,14.544531739443201,5.0,5.0
12774,22.845878839492798,9592,21.635625391554562,5.0,5.0
12780,22.858282566070557,9592,13.846800250594923,5.0,5.0
12790,22.87603259086609,9592,5.671649382643682,5.0,5.0
12800,22.898013830184937,9592,5.0,5.0,5.0
12810,22.923964023590088,9592,5.0,5.0,5.0
12820,22.939148664474487,9592,5.0,5.0,5.0
12827,22.956050395965576,9592,14.0,5.0,5.0
12828,22.957576990127563,9592,21.200000000000003,5.0,5.0
12830,22.960206270217896,9592,13.568000000000005,5.0,5.0
12832,22.96580147743225,9592,20.854400000000005,5.0,5.0
12833,22.967379093170166,9592,26.683520000000005,5.0,5.0
12837,22.972770929336548,9592,27.077452800000003,5.0,5.0
12840,22.976253747940063,9592,17.329569792000004,5.0,5.0
12842,22.979443788528442,9592,21.090924666880007,5.0,5.0
12850,22.999812602996826,9592,10.798553429442563,5.0,5.0
12851,23.00275421142578,9592,18.63884274355405,5.0,5.0
12858,23.020668745040894,9592,19.543087484699676,5.0,5.0
12860,23.029752016067505,9592,25.634469987759744,5.0,5.0
12861,23.031434059143066,9592,30.507575990207798,5.0,5.0
12866,23.04074215888977,9592,22.495903125589116,5.0,5.0
12870,23.04616928100586,9592,11.51790240030163,5.0,5.0
12880,23.069275379180908,9592,5.0,5.0,5.0
12882,23.074039220809937,9592,14.0,5.0,5.0
12890,23.094372987747192,9592,15.7344,5.0,5.0
12892,23.099551677703857,9592,22.58752,5.0,5.0
12900,23.11413288116455,9592,9.251848192000002,5.0,5.0
12907,23.128742694854736,9592,14.0,5.0,5.0
12910,23.134616374969482,9592,8.96,5.0,5.0
12920,23.152833461761475,9592,5.0,5.0,5.0
12928,23.169944763183594,9592,14.0,5.0,5.0
12930,23.175047397613525,9592,11.200000000000001,5.0,5.0
12936,23.187880277633667,9592,17.168,5.0,5.0
12940,23.19538378715515,9592,10.987520000000002,5.0,5.0
12942,23.198169708251953,9592,18.790016,5.0,5.0
12944,23.203386783599854,9592,25.032012800000004,5.0,5.0
12947,23.207717895507812,9592,22.816390553600005,5.0,5.0
12948,23.209243059158325,9592,28.253112442880006,5.0,5.0
12949,23.210742235183716,9592,32.602489954304005,5.0,5.0
12950,23.212039709091187,9592,26.081991963443205,5.0,5.0
12960,23.22743058204651,9592,10.68318390822634,5.0,5.0
12967,23.242092847824097,9592,14.37583212880951,5.0,5.0
12970,23.24644184112549,9592,17.36042604995047,5.0,5.0
12980,23.266701459884644,9592,7.110830510059714,5.0,5.0
12986,23.277305126190186,9592,14.0,5.0,5.0
12990,23.285548210144043,9592,7.168000000000001,5.0,5.0
13000,23.307719945907593,9592,5.0,5.0,5.0
13010,23.32299494743347,9592,5.0,5.0,5.0
13016,23.338402032852173,9592,14.0,5.0,5.0
13020,23.35734534263611,9592,11.200000000000001,5.0,5.0
13028,23.382589101791382,9592,15.7344,5.0,5.0
13030,23.387685298919678,9592,12.587520000000001,5.0,5.0
13035,23.396885871887207,9592,16.444810240000002,5.0,5.0
13036,23.39852023124695,9592,23.155848192,5.0,5.0
13038,23.401384592056274,9592,28.5246785536,5.0,5.0
13039,23.402980089187622,9592,32.819742842880004,5.0,5.0
13040,23.40389323234558,9592,26.255794274304005,5.0,5.0
13045,23.41566562652588,9592,23.442966668443653,5.0,5.0
13050,23.422034978866577,9592,9.602239147394522,5.0,5.0
13055,23.43164372444153,9592,14.916346443465997,5.0,5.0
13060,23.438459396362305,9592,6.109735503243673,5.0,5.0
13070,23.463905572891235,9592,14.0,5.0,5.0
13080,23.500843286514282,9592,5.734400000000001,5.0,5.0
13081,23.50252413749695,9592,14.587520000000001,5.0,5.0
13084,23.508965969085693,9592,21.670016000000004,5.0,5.0
13088,23.513994932174683,9592,23.868810240000002,5.0,5.0
13090,23.519153833389282,9592,19.095048192000004,5.0,5.0
13095,23.52616262435913,9592,17.821331739443202,5.0,5.0
13097,23.529152631759644,9592,21.40565231324365,5.0,5.0
13098,23.530689239501953,9592,27.12452185059492,5.0,5.0
13100,23.532989978790283,9592,17.35969398438075,5.0,5.0
13102,23.53593349456787,9592,21.110204150003682,5.0,5.0
13110,23.551674127578735,9592,18.64673961984151,5.0,5.0
13111,23.553297519683838,9592,24.91739169587321,5.0,5.0
13118,23.57003402709961,9592,22.757704548287087,5.0,5.0
13120,23.57283091545105,9592,14.564930910903739,5.0,5.0
13125,23.579713344573975,9592,15.965795701106172,5.0,5.0
13130,23.59645915031433,9592,20.218109248707954,5.0,5.0
13140,23.624512195587158,9592,8.281337548270779,5.0,5.0
13150,23.643954515457153,9592,6.625070038616624,5.0,5.0
13151,23.645630836486816,9592,15.300056030893298,5.0,5.0
13153,23.648582220077515,9592,19.792035859771712,5.0,5.0
13160,23.66523766517639,9592,8.106817888162494,5.0,5.0
13167,23.67708444595337,9592,14.150690758739199,5.0,5.0
13170,23.680814266204834,9592,11.32055260699136,5.0,5.0
13180,23.70425009727478,9592,14.636898347823664,5.0,5.0
13190,23.73317265510559,9592,7.494091954085717,5.0,5.0
13198,23.75747799873352,9592,14.79621885061486,5.0,5.0
13200,23.762645959854126,9592,11.83697508049189,5.0,5.0
13210,23.791635990142822,9592,6.060531241211848,5.0,5.0
13214,23.796377420425415,9592,14.0,5.0,5.0
13220,23.810272693634033,9592,7.168000000000001,5.0,5.0
13224,23.818464994430542,9592,14.0,5.0,5.0
13227,23.825229167938232,9592,18.96,5.0,5.0
13230,23.836389541625977,9592,18.96,5.0,5.0
13233,23.843419313430786,9592,22.1344,5.0,5.0
13235,23.846394777297974,9592,24.166016,5.0,5.0
13236,23.847846269607544,9592,24.166016,5.0,14.0
13238,23.851046562194824,9592,29.3328128,5.0,11.200000000000001
13240,23.855327606201172,9592,23.46625024,5.0,8.96
13241,23.857057571411133,9592,28.773000192,5.0,8.96
13246,23.8687481880188,9592,24.731776098304003,5.0,8.96
13250,23.876304149627686,9592,12.662669362331652,5.0,8.96
13260,23.89105248451233,9592,5.186629370811047,5.0,5.0
13262,23.895792961120605,9592,14.149303496648837,5.0,5.0
13270,23.91348934173584,9592,7.244443390284205,5.0,5.0
13272,23.922479152679443,9592,14.636443769781891,5.0,5.0
13280,23.93606448173523,9592,5.0,5.0,5.0
13290,23.961628913879395,9592,14.0,5.0,5.0
13291,23.963157176971436,9592,21.200000000000003,5.0,5.0
13299,23.973877429962158,9592,15.557452800000004,5.0,5.0
13300,23.975037813186646,9592,15.557452800000004,5.0,5.0
13303,23.981841564178467,9592,19.956769792000003,5.0,5.0
13310,23.996178150177002,9592,10.217866133504003,5.0,5.0
13320,24.020827531814575,9592,6.539434325442563,5.0,5.0
13330,24.036705255508423,9592,5.0,5.0,5.0
13340,24.05232548713684,9592,5.0,5.0,5.0
13341,24.05387544631958,9592,14.0,5.0,5.0
13343,24.05665922164917,9592,21.200000000000003,5.0,5.0
13349,24.064624309539795,9592,20.854400000000005,5.0,5.0
13350,24.06621265411377,9592,26.683520000000005,5.0,5.0
13351,24.0677387714386,9592,31.346816000000004,5.0,5.0
13360,24.079759120941162,9592,8.217379733504004,5.0,5.0
13368,24.097079753875732,9592,15.259123029442563,5.0,5.0
13370,24.103404760360718,9592,12.20729842355405,5.0,5.0
13377,24.119073152542114,9592,16.250136792859674,5.0,5.0
13380,24.125468015670776,9592,10.400087547430193,5.0,5.0
13385,24.13265872001648,9592,15.32484482428426,5.0,5.0
13390,24.144057273864746,9592,12.259875859427408,5.0,5.0
13400,24.166956424713135,9592,6.2770564400268345,5.0,5.0
13410,24.189353942871094,9592,5.021645152021468,5.0,5.0
13420,24.214832305908203,9592,5.0,5.0,5.0
13426,24.233717918395996,9592,14.0,5.0,5.0
13427,24.23539113998413,9592,21.200000000000003,5.0,5.0
13430,24.239461660385132,9592,13.568000000000005,5.0,5.0
13440,24.252777338027954,9592,5.0,5.0,5.0
13450,24.27530527114868,9592,5.0,5.0,5.0
13459,24.2949321269989,9592,14.0,5.0,5.0
13460,24.29664659500122,9592,21.200000000000003,5.0,5.0
13461,24.298224925994873,9592,26.960000000000004,5.0,5.0
13462,24.29978919029236,9592,31.568000000000005,5.0,5.0
13464,24.302833080291748,9592,30.203520000000005,5.0,5.0
13465,24.304563760757446,9592,34.16281600000001,5.0,5.0
13470,24.316953897476196,9592,17.491361792000006,5.0,5.0
13471,24.318716287612915,9592,23.993089433600005,5.0,5.0
13479,24.332307815551758,9592,19.827569432002566,5.0,5.0
13480,24.333653688430786,9592,15.862055545602054,5.0,5.0
13490,24.357601642608643,9592,8.121372439348253,5.0,5.0
13495,24.370055675506592,9592,15.197678361182883,5.0,5.0
13500,24.379440546035767,9592,6.22496905674051,5.0,5.0
13507,24.394075870513916,9592,14.0,5.0,5.0
13510,24.400468349456787,9592,8.96,5.0,5.0
13514,24.409035444259644,9592,14.587520000000001,5.0,5.0
13517,24.413229942321777,9592,19.336012800000002,5.0,5.0
13520,24.417080640792847,9592,15.468810240000003,5.0,5.0
13523,24.424009799957275,9592,22.375048192,5.0,5.0
13530,24.435795783996582,9592,7.3318557915545615,5.0,5.0
13533,24.4426531791687,9592,15.86548463324365,5.0,5.0
13537,24.450160264968872,9592,20.15391016527594,5.0,5.0
13540,24.454264640808105,9592,12.898502505776603,5.0,5.0
13549,24.469645023345947,9592,15.283226626366098,5.0,5.0
13550,24.471248149871826,9592,22.226581301092878,5.0,5.0
13560,24.492119789123535,9592,5.826564928593693,5.0,5.0
13562,24.498324871063232,9592,14.661251942874955,5.0,5.0
13564,24.501218795776367,9592,21.729001554299963,5.0,5.0
13570,24.514974355697632,9592,21.125248795801582,5.0,5.0
13576,24.52789855003357,9592,20.81612738345041,5.0,5.0
13578,24.53075885772705,9592,26.65290190676033,5.0,5.0
13580,24.533477544784546,9592,17.057857220326614,5.0,5.0
13582,24.539121627807617,9592,23.646285776261294,5.0,5.0
13590,24.555431842803955,9592,16.19873193853224,5.0,5.0
13594,24.561203479766846,9592,16.635000602022807,5.0,5.0
13599,24.572700023651123,9592,20.646400385294598,5.0,5.0
13600,24.57408332824707,9592,16.51712030823568,5.0,5.0
13606,24.586941719055176,9592,18.45676559781667,5.0,5.0
13607,24.58848476409912,9592,24.76541247825334,5.0,5.0
13608,24.590009450912476,9592,29.812329982602673,5.0,5.0
13610,24.595081090927124,9592,23.84986398608214,5.0,5.0
13616,24.6055850982666,9592,19.768904288699247,5.0,5.0
13620,24.61371898651123,9592,20.121678995814015,5.0,5.0
13630,24.631969451904297,9592,18.241839716685423,5.0,5.0
13640,24.64480423927307,9592,5.0,5.0,5.0
13650,24.667693376541138,9592,5.0,5.0,5.0
13660,24.687719345092773,9592,5.0,5.0,5.0
13663,24.694305181503296,9592,14.0,5.0,5.0
13669,24.707069396972656,9592,21.200000000000003,5.0,5.0
13670,24.708564519882202,9592,26.960000000000004,5.0,5.0
13671,24.710073471069336,9592,31.568000000000005,5.0,5.0
13674,24.714306831359863,9592,26.162816000000003,5.0,5.0
13680,24.722634315490723,9592,8.573031546880003,5.0,5.0
13690,24.74485468864441,9592,5.0,5.0,5.0
13700,24.76471257209778,9592,5.0,5.0,5.0
13710,24.782829999923706,9592,5.0,5.0,5.0
13713,24.792329788208008,9592,14.0,5.0,5.0
13714,24.793923377990723,9592,21.200000000000003,5.0,5.0
13715,24.795534372329712,9592,26.960000000000004,5.0,5.0
13719,24.804042100906372,9592,23.803520000000006,5.0,5.0
13720,24.808165550231934,9592,23.803520000000006,5.0,5.0
13726,24.821050882339478,9592,25.234252800000007,5.0,5.0
13730,24.828866958618164,9592,16.149921792000008,5.0,5.0
13734,24.834524393081665,9592,16.615007966003205,5.0,5.0
13735,24.83608055114746,9592,23.292006372802565,5.0,5.0
13740,24.848077535629272,9592,24.90688407859364,5.0,5.0
13748,24.859222650527954,9592,14.178681740735268,5.0,5.0
13750,24.866222858428955,9592,14.178681740735268,5.0,5.0
13752,24.8691508769989,9592,19.07435631407057,5.0,5.0
13753,24.870630979537964,9592,25.259485051256455,5.0,5.0
13759,24.888111114501953,9592,22.932856346243305,5.0,5.0
13760,24.889517307281494,9592,18.346285076994644,5.0,5.0
13762,24.89258599281311,9592,21.741622449276573,5.0,5.0
13763,24.894159078598022,9592,27.393297959421258,5.0,5.0
13770,24.906875610351562,9592,11.220294844178952,5.0,5.0
13771,24.908498764038086,9592,18.976235875343164,5.0,5.0
13773,24.911351680755615,9592,25.180988700274533,5.0,5.0
13774,24.912850856781006,9592,30.144790960219627,5.0,5.0
13780,24.923529148101807,9592,19.87784510184477,5.0,5.0
13785,24.93316674232483,9592,18.14196535371562,5.0,5.0
13790,24.942152976989746,9592,7.430949008881919,5.0,5.0
13800,24.962652921676636,9592,5.0,5.0,5.0
13802,24.965694427490234,9592,14.0,5.0,5.0
13810,24.979896545410156,9592,5.734400000000001,5.0,5.0
13820,25.00101327896118,9592,5.0,5.0,5.0
13828,25.01844573020935,9592,14.0,5.0,5.0
13830,25.020575284957886,9592,11.200000000000001,5.0,5.0
13831,25.02216100692749,9592,18.96,5.0,5.0
13835,25.03265690803528,9592,22.1344,5.0,5.0
13840,25.041844606399536,9592,9.06625024,5.0,5.0
13846,25.05712366104126,9592,14.641920122880002,5.0,5.0
13850,25.06507444381714,9592,17.49666310291456,5.0,5.0
13853,25.07426404953003,9592,23.99733048233165,5.0,5.0
13856,25.08141255378723,9592,25.358291508692254,5.0,5.0
13860,25.088913679122925,9592,20.286633206953805,5.0,5.0
13870,25.10429835319519,9592,5.0,5.0,5.0
13878,25.120070934295654,9592,14.0,5.0,5.0
13880,25.123026371002197,9592,21.200000000000003,5.0,5.0
13890,25.14411473274231,9592,6.9468160000000045,5.0,5.0
13892,25.147576332092285,9592,14.445962240000004,5.0,5.0
13900,25.16346025466919,9592,14.0,5.0,5.0
13907,25.18543004989624,9592,17.168,5.0,5.0
13908,25.187156915664673,9592,23.7344,5.0,5.0
13910,25.192574501037598,9592,28.98752,5.0,5.0
13914,25.198355197906494,9592,28.5520128,5.0,5.0
13916,25.201265335083008,9592,28.273288192000003,5.0,5.0
13919,25.205647230148315,9592,24.475923554304003,5.0,5.0
13920,25.20720672607422,9592,29.580738843443203,5.0,5.0
13924,25.212598085403442,9592,22.116270630274336,5.0,5.0
13930,25.22377872467041,9592,17.247059560128296,5.0,5.0
13934,25.234596490859985,9592,23.79764764810264,5.0,5.0
13940,25.24318242073059,9592,17.798013181330276,5.0,5.0
13941,25.244757652282715,9592,24.23841054506422,5.0,5.0
13944,25.249217987060547,9592,22.41006619907288,5.0,5.0
13946,25.252203464508057,9592,24.342442367406647,5.0,5.0
13950,25.25787329673767,9592,9.970664393689766,5.0,5.0
13960,25.279934883117676,9592,5.0,5.0,5.0
13961,25.281956434249878,9592,14.0,5.0,5.0
13963,25.287060022354126,9592,18.96,5.0,5.0
13967,25.295143842697144,9592,22.1344,5.0,5.0
13968,25.296647787094116,9592,27.70752,5.0,5.0
13970,25.29959797859192,9592,27.7328128,5.0,5.0
13976,25.30751132965088,9592,19.087488098304004,5.0,5.0
13978,25.310508728027344,9592,22.215992382914564,5.0,5.0
13980,25.31233239173889,9592,17.772793906331653,5.0,5.0
13983,25.316580295562744,9592,21.374588100052257,5.0,5.0
13984,25.318142414093018,9592,27.099670480041805,5.0,5.0
13990,25.328556060791016,9592,11.100025028625126,5.0,5.0
14000,25.3504421710968,9592,5.0,5.0,5.0
14010,25.368395805358887,9592,14.0,5.0,5.0
14020,25.392192363739014,9592,7.168000000000001,5.0,5.0
14030,25.41168522834778,9592,14.0,5.0,5.0
14040,25.429725408554077,9592,5.0,5.0,5.0
14046,25.439706802368164,9592,14.0,5.0,5.0
14050,25.445700645446777,9592,15.7344,5.0,5.0
14054,25.45184636116028,9592,20.070016000000003,5.0,5.0
14060,25.46523356437683,9592,8.2206785536,5.0,5.0
14070,25.49617624282837,9592,5.0,5.0,5.0
14079,25.51440143585205,9592,14.0,5.0,5.0
14080,25.515281438827515,9592,11.200000000000001,5.0,5.0
14090,25.53200101852417,9592,14.587520000000001,5.0,5.0
14100,25.555848121643066,9592,14.780038553600003,5.0,5.0
14107,25.570247650146484,9592,16.05390379155456,5.0,5.0
14110,25.57596731185913,9592,12.84312303324365,5.0,5.0
14111,25.577569246292114,9592,20.27449842659492,5.0,5.0
14113,25.582300901412964,9592,26.219598741275938,5.0,5.0
14115,25.58499789237976,9592,30.97567899302075,5.0,5.0
14120,25.591723918914795,9592,12.687638115541302,5.0,5.0
14128,25.60979962348938,9592,15.19685657212572,5.0,5.0
14130,25.612235069274902,9592,15.19685657212572,5.0,5.0
14140,25.62974238395691,9592,5.0,5.0,5.0
14141,25.631484746932983,9592,14.0,5.0,5.0
14150,25.661571502685547,9592,7.168000000000001,5.0,5.0
14155,25.668012142181396,9592,14.587520000000001,5.0,5.0
14160,25.67499041557312,9592,7.4688102400000025,5.0,5.0
14170,25.701829195022583,9592,5.0,5.0,5.0
14179,25.720560789108276,9592,14.0,5.0,5.0
14180,25.724753856658936,9592,14.0,5.0,5.0
14190,25.75130319595337,9592,8.96,5.0,5.0
14200,25.769002676010132,9592,5.0,5.0,5.0
14210,25.78905415534973,9592,5.0,5.0,5.0
14220,25.815372467041016,9592,5.0,5.0,5.0
14230,25.834888458251953,9592,5.0,5.0,5.0
14240,25.86556124687195,9592,14.0,5.0,5.0
14243,25.869800567626953,9592,21.200000000000003,5.0,5.0
14246,25.874129056930542,9592,23.568000000000005,5.0,5.0
14249,25.88067603111267,9592,28.854400000000005,5.0,5.0
14250,25.884515047073364,9592,28.854400000000005,5.0,5.0
14260,25.902841091156006,9592,6.051206266880003,5.0,5.0
14270,25.93617272377014,9592,5.0,5.0,5.0
14280,25.957489728927612,9592,5.0,5.0,5.0
14290,25.97772789001465,9592,14.0,5.0,5.0
14291,25.97933578491211,9592,21.200000000000003,5.0,5.0
14297,25.989970684051514,9592,20.854400000000005,5.0,5.0
14300,25.996593713760376,9592,13.346816000000004,5.0,5.0
14305,26.005831718444824,9592,15.466855833600004,5.0,5.0
14310,26.014726638793945,9592,7.9190301868032025,5.0,5.0
14312,26.01986527442932,9592,16.335224149442563,5.0,5.0
14314,26.025214672088623,9592,23.06817931955405,5.0,5.0
14318,26.030986785888672,9592,19.448726249289344,5.0,5.0
14320,26.033655166625977,9592,12.447184799545182,5.0,5.0
14322,26.03661298751831,9592,17.96619827170892,5.0,5.0
14324,26.039522171020508,9592,21.49836689389371,5.0,5.0
14330,26.04699993133545,9592,8.805731079738866,5.0,5.0
14340,26.06704044342041,9592,5.0,5.0,5.0
14349,26.080496072769165,9592,14.0,5.0,5.0
14350,26.08186388015747,9592,11.200000000000001,5.0,5.0
14352,26.084906101226807,9592,18.96,5.0,5.0
14360,26.104681968688965,9592,7.766016000000002,5.0,5.0
14361,26.10626220703125,9592,16.212812800000002,5.0,5.0
14370,26.122355222702026,9592,8.300960153600002,5.0,5.0
14374,26.13003897666931,9592,16.64076812288,5.0,5.0
14377,26.136401653289795,9592,23.312614498304,5.0,5.0
14379,26.138860940933228,9592,28.6500915986432,5.0,5.0
14380,26.140265464782715,9592,22.92007327891456,5.0,5.0
14382,26.144228219985962,9592,24.668846898505322,5.0,5.0
14390,26.15505027770996,9592,8.083487751702227,5.0,5.0
14394,26.165279865264893,9592,15.173432161089426,5.0,5.0
14395,26.16688299179077,9592,22.13874572887154,5.0,5.0
14400,26.175668716430664,9592,14.168797266477789,5.0,5.0
14404,26.18581509590149,9592,19.06803025054579,5.0,5.0
14405,26.187444925308228,9592,25.25442420043663,5.0,5.0
14410,26.19416904449463,9592,10.344212152498848,5.0,5.0
14418,26.209775686264038,9592,14.23698929766353,5.0,5.0
14420,26.212165117263794,9592,9.11167315050466,5.0,5.0
14430,26.227848768234253,9592,5.0,5.0,5.0
14433,26.234211206436157,9592,14.0,5.0,5.0
14440,26.24812650680542,9592,5.0,5.0,5.0
14450,26.269444227218628,9592,5.0,5.0,5.0
14460,26.28702998161316,9592,5.0,5.0,5.0
14463,26.293530225753784,9592,14.0,5.0,5.0
14470,26.307464838027954,9592,7.168000000000001,5.0,5.0
14477,26.323318481445312,9592,14.0,5.0,5.0
14480,26.327178716659546,9592,11.200000000000001,5.0,5.0
14481,26.328834772109985,9592,18.96,5.0,5.0
14488,26.340874433517456,9592,16.212812800000002,5.0,5.0
14490,26.34358263015747,9592,10.376200192000002,5.0,5.0
14494,26.351330041885376,9592,16.64076812288,5.0,5.0
14497,26.3556387424469,9592,18.52007327891456,5.0,5.0
14500,26.36135721206665,9592,14.816058623131648,5.0,5.0
14506,26.371456623077393,9592,17.585822015043405,5.0,5.0
14510,26.381211519241333,9592,11.25492608962778,5.0,5.0
14520,26.406073331832886,9592,15.762522157889425,5.0,5.0
14527,26.419870615005493,9592,16.45632907587151,5.0,5.0
14530,26.42383098602295,9592,10.532050608557768,5.0,5.0
14531,26.425475597381592,9592,18.425640486846213,5.0,5.0
14540,26.441004037857056,9592,7.547142343412211,5.0,5.0
14550,26.463059902191162,9592,5.0,5.0,5.0
14560,26.48775839805603,9592,5.0,5.0,5.0
14562,26.49058175086975,9592,14.0,5.0,5.0
14570,26.509683847427368,9592,5.734400000000001,5.0,5.0
14573,26.516416311264038,9592,14.587520000000001,5.0,5.0
14580,26.53347396850586,9592,14.587520000000001,5.0,5.0
14590,26.555529832839966,9592,7.4688102400000025,5.0,5.0
14600,26.579214572906494,9592,7.4688102400000025,5.0,5.0
14602,26.58407735824585,9592,15.975048192000003,5.0,5.0
14610,26.597822189331055,9592,5.234703791554562,5.0,5.0
14620,26.617610454559326,9592,14.0,5.0,5.0
14630,26.645217657089233,9592,8.96,5.0,5.0
14637,26.65743112564087,9592,14.587520000000001,5.0,5.0
14640,26.661205530166626,9592,9.336012800000002,5.0,5.0
14642,26.6641685962677,9592,17.468810240000003,5.0,5.0
14644,26.667258262634277,9592,23.975048192000003,5.0,5.0
14646,26.670321464538574,9592,25.344030842880002,5.0,5.0
14647,26.671916723251343,9592,30.275224674304003,5.0,5.0
14650,26.678239107131958,9592,19.376143791554565,5.0,5.0
14658,26.693734169006348,9592,17.93646849702075,5.0,5.0
14659,26.69538140296936,9592,24.3491747976166,5.0,5.0
14660,26.696696996688843,9592,19.47933983809328,5.0,5.0
14663,26.71051287651062,9592,25.583471870474625,5.0,5.0
14665,26.713865995407104,9592,26.373421997103762,5.0,5.0
14670,26.72061276435852,9592,16.878990078146412,5.0,5.0
14673,26.729691982269287,9592,23.50319206251713,5.0,5.0
14674,26.731329441070557,9592,28.802553650013703,5.0,5.0
14675,26.732828617095947,9592,33.042042920010964,5.0,5.0
14678,26.736734628677368,9592,26.917525975045617,5.0,5.0
14679,26.738269329071045,9592,31.534020780036496,5.0,5.0
14680,26.73975658416748,9592,35.2272166240292,5.0,5.0
14690,26.760754823684692,9592,9.234603474689512,5.0,5.0
14696,26.771398782730103,9592,14.728116979041031,5.0,5.0
14700,26.77719020843506,9592,19.42599486658626,5.0,5.0
14709,26.798718214035034,9592,19.946109371692167,5.0,5.0
14710,26.799954414367676,9592,19.946109371692167,5.0,5.0
14712,26.802592515945435,9592,22.765509997882987,5.0,5.0
14715,26.809585094451904,9592,24.569926398645112,5.0,5.0
14718,26.81616711616516,9592,25.724752895132873,5.0,5.0
14720,26.82107710838318,9592,20.5798023161063,5.0,5.0
14723,26.8252956867218,9592,23.17107348230803,5.0,5.0
14730,26.83539581298828,9592,17.5926973586827,5.0,5.0
14740,26.851635217666626,9592,15.764775070493148,5.0,5.0
14750,26.879449605941772,9592,8.071564836092493,5.0,5.0
14755,26.885987043380737,9592,14.132641196079359,5.0,5.0
14760,26.895744800567627,9592,7.235912292392633,5.0,5.0
14769,26.9134202003479,9592,14.0,5.0,5.0
14770,26.914729118347168,9592,11.200000000000001,5.0,5.0
14777,26.93601393699646,9592,15.7344,5.0,5.0
14780,26.94561243057251,9592,12.587520000000001,5.0,5.0
14782,26.948225498199463,9592,20.070016000000003,5.0,5.0
14790,26.963172674179077,9592,8.2206785536,5.0,5.0
14798,26.985246419906616,9592,14.2089874194432,5.0,5.0
14799,26.98712182044983,9592,21.367189935554563,5.0,5.0
14800,26.991130828857422,9592,21.367189935554563,5.0,5.0
14802,26.994222402572632,9592,23.67500155875492,5.0,5.0
14810,27.00957989692688,9592,7.757824510772815,5.0,5.0
14820,27.030346870422363,9592,5.0,5.0,5.0
14830,27.05320453643799,9592,5.0,5.0,5.0
14840,27.080811977386475,9592,5.0,5.0,5.0
14844,27.087976217269897,9592,14.0,5.0,5.0
14845,27.08954882621765,9592,21.200000000000003,5.0,5.0
14850,27.096557140350342,9592,8.683520000000005,5.0,5.0
14860,27.118926525115967,9592,5.0,5.0,5.0
14862,27.12191152572632,9592,14.0,5.0,5.0
14863,27.12355947494507,9592,21.200000000000003,5.0,5.0
14869,27.136635065078735,9592,23.568000000000005,5.0,5.0
14870,27.13755989074707,9592,18.854400000000005,5.0,5.0
14880,27.150612354278564,9592,5.0,5.0,5.0
14890,27.175657510757446,9592,5.0,5.0,5.0
14893,27.18002676963806,9592,14.0,5.0,5.0
14900,27.19686985015869,9592,7.168000000000001,5.0,5.0
14903,27.206002712249756,9592,15.7344,5.0,5.0
14909,27.216427087783813,9592,18.056012800000005,5.0,5.0
14910,27.217825412750244,9592,14.444810240000004,5.0,5.0
14920,27.233405351638794,9592,5.0,5.0,5.0
14929,27.255168437957764,9592,14.0,5.0,5.0
14930,27.25637412071228,9592,14.0,5.0,5.0
14940,27.277402877807617,9592,5.734400000000001,5.0,5.0
14950,27.303300857543945,9592,14.0,5.0,5.0
14951,27.30514430999756,9592,21.200000000000003,5.0,5.0
14952,27.306746244430542,9592,26.960000000000004,5.0,5.0
14958,27.319400787353516,9592,23.803520000000006,5.0,5.0
14959,27.320979833602905,9592,29.042816000000006,5.0,5.0
14960,27.32241153717041,9592,23.234252800000007,5.0,5.0
14970,27.345009565353394,9592,7.613399957504004,5.0,5.0
14975,27.35646939277649,9592,16.090719966003203,5.0,5.0
14980,27.3650963306427,9592,16.090719966003203,5.0,5.0
14983,27.373985528945923,9592,20.298060778242053,5.0,5.0
14985,27.37700629234314,9592,26.238448622593644,5.0,5.0
14987,27.38170027732849,9592,30.990758898074915,5.0,5.0
14990,27.387982845306396,9592,19.83408569476795,5.0,5.0
15000,27.408902168273926,9592,6.499233200461564,5.0,5.0
15003,27.413482189178467,9592,14.0,5.0,5.0
15010,27.431981563568115,9592,8.96,5.0,5.0
15017,27.446038007736206,9592,15.7344,5.0,5.0
15020,27.45032024383545,9592,8.056012800000003,5.0,5.0
15030,27.470922708511353,9592,5.0,5.0,5.0
15031,27.47256588935852,9592,14.0,5.0,5.0
15032,27.474194049835205,9592,21.200000000000003,5.0,5.0
15035,27.478596925735474,9592,23.568000000000005,5.0,5.0
15040,27.488735675811768,9592,19.653452800000004,5.0,5.0
15050,27.513431787490845,9592,8.050054266880002,5.0,5.0
15054,27.520883321762085,9592,15.152034730803202,5.0,5.0
15060,27.534788846969604,9592,7.757841782171241,5.0,5.0
15066,27.54757022857666,9592,16.206273425736992,5.0,5.0
15067,27.54916286468506,9592,22.965018740589592,5.0,5.0
15068,27.55069613456726,9592,28.372014992471673,5.0,5.0
15070,27.55286741256714,9592,22.69761199397734,5.0,5.0
15071,27.554455041885376,9592,28.158089595181874,5.0,5.0
15080,27.571622133255005,9592,11.5335534981865,5.0,5.0
15089,27.588789224624634,9592,14.724143512857191,5.0,5.0
15090,27.590107202529907,9592,11.779314810285754,5.0,5.0
15094,27.598400831222534,9592,17.538761478582884,5.0,5.0
15095,27.600006103515625,9592,24.031009182866306,5.0,5.0
15100,27.609628915786743,9592,9.843101361302041,5.0,5.0
15103,27.619081258773804,9592,17.874481089041634,5.0,5.0
15110,27.633065223693848,9592,9.151734317589318,5.0,5.0
15111,27.63471269607544,9592,17.321387454071456,5.0,5.0
15112,27.636245012283325,9592,23.857109963257166,5.0,5.0
15114,27.638795137405396,9592,25.268550376484587,5.0,5.0
15118,27.64454936981201,9592,22.937497792760112,5.0,5.0
15120,27.64696502685547,9592,14.679998587366473,5.0,5.0
15121,27.648683071136475,9592,21.74399886989318,5.0,5.0
15128,27.663180589675903,9592,18.90634193710825,5.0,5.0
15130,27.666040897369385,9592,25.125073549686604,5.0,5.0
15133,27.670236349105835,9592,26.080047071799427,5.0,5.0
15140,27.687276363372803,9592,16.691230125951634,5.0,5.0
15143,27.694687604904175,9592,20.68238728060905,5.0,5.0
15144,27.69624972343445,9592,26.54590982448724,5.0,5.0
15147,27.700556755065918,9592,23.591505830137468,5.0,5.0
15150,27.70472526550293,9592,12.078850985030385,5.0,5.0
15160,27.72928237915039,9592,14.0,5.0,5.0
15170,27.744508266448975,9592,5.0,5.0,5.0
15180,27.764435529708862,9592,5.0,5.0,5.0
15185,27.776894330978394,9592,14.0,5.0,5.0
15187,27.77998971939087,9592,18.96,5.0,5.0
15190,27.78371834754944,9592,18.96,5.0,5.0
15193,27.790515422821045,9592,25.168,5.0,5.0
15194,27.792108058929443,9592,30.1344,5.0,5.0
15200,27.802770614624023,9592,19.874440192,5.0,5.0
15206,27.813472270965576,9592,18.140570702643203,5.0,5.0
15210,27.825775861740112,9592,9.287972199753321,5.0,5.0
15217,27.844983100891113,9592,15.944302207842126,5.0,5.0
15220,27.84922194480896,9592,10.204353413018962,5.0,5.0
15221,27.85090708732605,9592,18.16348273041517,5.0,5.0
15224,27.85518789291382,9592,19.299703157972566,5.0,5.0
15225,27.856799125671387,9592,25.439762526378054,5.0,5.0
15226,27.858364820480347,9592,30.351810021102445,5.0,5.0
15229,27.86272144317627,9592,29.425158413505567,5.0,5.0
15230,27.86633038520813,9592,29.425158413505567,5.0,5.0
15239,27.88623046875,9592,19.64203590893751,5.0,5.0
15240,27.88761568069458,9592,15.713628727150008,5.0,5.0
15243,27.894116401672363,9592,20.056722385376005,5.0,5.0
15247,27.90263080596924,9592,22.83630232664064,5.0,5.0
15250,27.911354541778564,9592,28.269041861312513,5.0,5.0
15252,27.91394853591919,9592,28.09218679124001,5.0,5.0
15254,27.916389226913452,9592,27.978999546393606,5.0,5.0
15257,27.92240023612976,9592,27.90655970969191,5.0,5.0
15260,27.92556071281433,9592,14.288158571362258,5.0,5.0
15262,27.92754626274109,9592,21.43052685708981,5.0,5.0
15263,27.928840398788452,9592,27.14442148567185,5.0,5.0
15267,27.933611631393433,9592,23.897943800663988,5.0,5.0
15270,27.939417123794556,9592,19.118355040531192,5.0,5.0
15274,27.947006464004517,9592,19.78859778075197,5.0,5.0
15279,27.957861185073853,9592,22.66470257968126,5.0,5.0
15280,27.961421251296997,9592,22.66470257968126,5.0,5.0
15287,27.96967077255249,9592,15.941415793047966,5.0,5.0
15290,27.97338581085205,9592,8.16200488604056,5.0,5.0
15300,27.989132404327393,9592,5.223683127065959,5.0,5.0
15301,27.990508317947388,9592,14.178946501652767,5.0,5.0
15305,27.995025873184204,9592,15.807696487076974,5.0,5.0
15310,28.00765609741211,9592,12.64615718966158,5.0,5.0
15316,28.01663851737976,9592,16.47483248110673,5.0,5.0
15317,28.017947912216187,9592,23.179865984885385,5.0,5.0
15320,28.02409076690674,9592,14.835114230326647,5.0,5.0
15324,28.030730962753296,9592,19.494473107409057,5.0,5.0
15327,28.036854028701782,9592,22.4764627887418,5.0,5.0
15330,28.042991161346436,9592,22.4764627887418,5.0,5.0
15340,28.057241916656494,9592,5.892069861291931,5.0,5.0
15346,28.067002058029175,9592,14.0,5.0,5.0
15350,28.07408595085144,9592,8.96,5.0,5.0
15360,28.091175079345703,9592,5.0,5.0,5.0
15370,28.107228755950928,9592,5.0,5.0,5.0
15374,28.117050647735596,9592,14.0,5.0,5.0
15376,28.12196636199951,9592,21.200000000000003,5.0,5.0
15377,28.12326431274414,9592,26.960000000000004,5.0,5.0
15379,28.12579321861267,9592,27.254400000000004,5.0,5.0
15380,28.127110719680786,9592,31.803520000000006,5.0,5.0
15390,28.13795566558838,9592,6.669681557504005,5.0,5.0
15400,28.156822443008423,9592,5.0,5.0,5.0
15408,28.18204665184021,9592,14.0,5.0,5.0
15410,28.186819553375244,9592,21.200000000000003,5.0,5.0
15414,28.191917896270752,9592,18.683520000000005,5.0,5.0
15416,28.196598052978516,9592,24.946816000000005,5.0,5.0
15420,28.20145297050476,9592,12.772769792000005,5.0,5.0
15430,28.215892791748047,9592,5.0,5.0,5.0
15431,28.217240810394287,9592,14.0,5.0,5.0
15432,28.218576669692993,9592,21.200000000000003,5.0,5.0
15440,28.23215126991272,9592,8.683520000000005,5.0,5.0
15442,28.236891984939575,9592,16.946816000000005,5.0,5.0
15450,28.251001596450806,9592,6.941415833600004,5.0,5.0
15451,28.25234317779541,9592,15.553132666880003,5.0,5.0
15453,28.25486397743225,9592,19.954004906803206,5.0,5.0
15454,28.25618290901184,9592,25.963203925442564,5.0,5.0
15455,28.257596492767334,9592,30.770563140354053,5.0,5.0
15460,28.271738529205322,9592,15.754528327861278,5.0,5.0
15461,28.273847818374634,9592,22.603622662289023,5.0,5.0
15463,28.276653289794922,9592,24.466318503864976,5.0,5.0
15466,28.28045392036438,9592,25.658443842473588,5.0,5.0
15470,28.284952640533447,9592,13.13712324734648,5.0,5.0
15480,28.302481651306152,9592,5.0,5.0,5.0
15490,28.330882787704468,9592,5.0,5.0,5.0
15495,28.339372873306274,9592,14.0,5.0,5.0
15500,28.352603435516357,9592,21.200000000000003,5.0,5.0
15502,28.354743480682373,9592,26.960000000000004,5.0,5.0
15503,28.35611367225647,9592,31.568000000000005,5.0,5.0
15510,28.370137453079224,9592,10.344202240000003,5.0,5.0
15519,28.388816356658936,9592,14.236985237504003,5.0,5.0
15520,28.38990807533264,9592,14.236985237504003,5.0,5.0
15521,28.39132523536682,9592,21.389588190003202,5.0,5.0
15530,28.40813112258911,9592,7.0089402581002505,5.0,5.0
15540,28.42763352394104,9592,5.0,5.0,5.0
15542,28.43596601486206,9592,14.0,5.0,5.0
15543,28.43775510787964,9592,21.200000000000003,5.0,5.0
15544,28.43937659263611,9592,26.960000000000004,5.0,5.0
15549,28.449784994125366,9592,27.254400000000004,5.0,5.0
15550,28.451271533966064,9592,21.803520000000006,5.0,5.0
15558,28.47749352455139,9592,18.930721792000003,5.0,5.0
15560,28.479708433151245,9592,12.115661946880003,5.0,5.0
15561,28.481433153152466,9592,19.692529557504002,5.0,5.0
15570,28.50443935394287,9592,16.452848085402913,5.0,5.0
15580,28.525697946548462,9592,6.739086575781035,5.0,5.0
15581,28.52706003189087,9592,15.391269260624828,5.0,5.0
15583,28.529762029647827,9592,19.85041232679989,5.0,5.0
15589,28.537405490875244,9592,15.203666488996632,5.0,5.0
15590,28.538702249526978,9592,22.162933191197304,5.0,5.0
15591,28.539987087249756,9592,27.730346552957844,5.0,5.0
15592,28.541290998458862,9592,32.18427724236628,5.0,5.0
15596,28.5465030670166,9592,23.18267995847323,5.0,5.0
15600,28.55122661590576,9592,24.836915173422867,5.0,5.0
15601,28.55256986618042,9592,29.869532138738293,5.0,5.0
15606,28.558779001235962,9592,22.23456036402721,5.0,5.0
15610,28.566139459609985,9592,11.384094906381932,5.0,5.0
15620,28.583302974700928,9592,5.0,5.0,5.0
15630,28.606992721557617,9592,5.0,5.0,5.0
15638,28.6212055683136,9592,14.0,5.0,5.0
15640,28.626251220703125,9592,11.200000000000001,5.0,5.0
15650,28.64875316619873,9592,5.0,5.0,5.0
15651,28.650166273117065,9592,14.0,5.0,5.0
15657,28.662062644958496,9592,17.168,5.0,5.0
15658,28.663401126861572,9592,23.7344,5.0,5.0
15660,28.665802478790283,9592,15.190016,5.0,5.0
15670,28.67956042289734,9592,6.221830553600002,5.0,5.0
15671,28.680980682373047,9592,14.977464442880002,5.0,5.0
15673,28.68356966972351,9592,19.585577243443204,5.0,5.0
15675,28.686012029647827,9592,25.668461794754563,5.0,5.0
15678,28.689791202545166,9592,26.427815548642922,5.0,5.0
15680,28.6923189163208,9592,16.91380195113147,5.0,5.0
15681,28.69366431236267,9592,23.53104156090518,5.0,5.0
15685,28.700204610824585,9592,25.059866598979315,5.0,5.0
15690,28.713682413101196,9592,16.038314623346764,5.0,5.0
15700,28.730275630950928,9592,6.569293669722836,5.0,5.0
15710,28.74908757209778,9592,5.0,5.0,5.0
15711,28.750489473342896,9592,14.0,5.0,5.0
15716,28.761228561401367,9592,18.96,5.0,5.0
15717,28.76256561279297,9592,25.168,5.0,5.0
15720,28.76622200012207,9592,16.10752,5.0,5.0
15730,28.793214321136475,9592,6.597640192000002,5.0,5.0
15740,28.817004203796387,9592,5.0,5.0,5.0
15749,28.83697533607483,9592,14.0,5.0,5.0
15750,28.837680101394653,9592,14.0,5.0,5.0
15757,28.85994791984558,9592,17.168,5.0,5.0
15760,28.865532875061035,9592,10.987520000000002,5.0,5.0
15770,28.885774612426758,9592,5.625610240000001,5.0,5.0
15772,28.88830304145813,9592,14.500488192000002,5.0,5.0
15774,28.890865564346313,9592,19.280312442880003,5.0,5.0
15780,28.905231475830078,9592,9.871519970754562,5.0,5.0
15781,28.90675973892212,9592,17.89721597660365,5.0,5.0
15783,28.911495447158813,9592,24.31777278128292,5.0,5.0
15785,28.913931131362915,9592,29.454218225026338,5.0,5.0
15790,28.919904232025146,9592,15.080559731213487,5.0,5.0
15793,28.923683881759644,9592,19.651558227976633,5.0,5.0
15798,28.929651498794556,9592,18.04927825017923,5.0,5.0
15800,28.931638479232788,9592,14.439422600143386,5.0,5.0
15801,28.933022022247314,9592,21.55153808011471,5.0,5.0
15802,28.934321880340576,9592,27.241230464091768,5.0,5.0
15804,28.936684370040894,9592,27.434387497018733,5.0,5.0
15810,28.947429656982422,9592,14.046406398473593,5.0,5.0
15813,28.95338726043701,9592,21.237125118778877,5.0,5.0
15820,28.966298580169678,9592,10.873408060814787,5.0,5.0
15830,28.994760513305664,9592,5.5671849271371725,5.0,5.0
15837,29.011686086654663,9592,14.0,5.0,5.0
15838,29.013057947158813,9592,21.200000000000003,5.0,5.0
15840,29.017942905426025,9592,16.960000000000004,5.0,5.0
15847,29.026708126068115,9592,14.445962240000004,5.0,5.0
15850,29.030397176742554,9592,7.396332666880004,5.0,5.0
15860,29.04723596572876,9592,14.0,5.0,5.0
15870,29.066811084747314,9592,5.734400000000001,5.0,5.0
15880,29.088366270065308,9592,5.0,5.0,5.0
15884,29.095555543899536,9592,14.0,5.0,5.0
15890,29.113621711730957,9592,8.96,5.0,5.0
15900,29.131888389587402,9592,5.0,5.0,5.0
15910,29.1534366607666,9592,5.0,5.0,5.0
15912,29.15859842300415,9592,14.0,5.0,5.0
15913,29.159987926483154,9592,21.200000000000003,5.0,5.0
15916,29.166074991226196,9592,23.568000000000005,5.0,5.0
15918,29.16859483718872,9592,25.083520000000007,5.0,5.0
15919,29.16992449760437,9592,30.066816000000006,5.0,5.0
15920,29.17112445831299,9592,24.053452800000006,5.0,5.0
15927,29.181689500808716,9592,17.881835413504003,5.0,5.0
15930,29.1876277923584,9592,11.444374664642563,5.0,5.0
15940,29.20329189300537,9592,5.0,5.0,5.0
15942,29.208306074142456,9592,14.0,5.0,5.0
15950,29.22590398788452,9592,8.96,5.0,5.0
15960,29.24480128288269,9592,5.0,5.0,5.0
15963,29.253448486328125,9592,14.0,5.0,5.0
15967,29.26045036315918,9592,21.200000000000003,5.0,5.0
15970,29.263672351837158,9592,13.568000000000005,5.0,5.0
15971,29.26503348350525,9592,20.854400000000005,5.0,5.0
15972,29.266401290893555,9592,26.683520000000005,5.0,5.0
15980,29.28358769416809,9592,13.661962240000003,5.0,5.0
15990,29.30634617805481,9592,8.743655833600002,5.0,5.0
15996,29.31563925743103,9592,14.0,5.0,5.0
15998,29.31823468208313,9592,18.96,5.0,5.0
16000,29.32296848297119,9592,18.96,5.0,5.0
16001,29.32436776161194,9592,25.168,5.0,5.0
16010,29.34006667137146,9592,6.597640192000002,5.0,5.0
16020,29.363831996917725,9592,5.0,5.0,5.0
16030,29.384257555007935,9592,5.0,5.0,5.0
16040,29.39809012413025,9592,5.0,5.0,5.0
16050,29.416260719299316,9592,5.0,5.0,5.0
16056,29.430174112319946,9592,14.0,5.0,5.0
16058,29.43519926071167,9592,21.200000000000003,5.0,5.0
16060,29.437658309936523,9592,26.960000000000004,5.0,5.0
16064,29.442870378494263,9592,21.042816000000002,5.0,5.0
16070,29.452123880386353,9592,13.467402240000002,5.0,5.0
16071,29.453537702560425,9592,20.773921792000003,5.0,5.0
16073,29.456040859222412,9592,26.619137433600002,5.0,5.0
16080,29.47278332710266,9592,10.903198692802562,5.0,5.0
16090,29.500518321990967,9592,5.582437730714912,5.0,5.0
16096,29.51012682914734,9592,14.0,5.0,5.0
16099,29.514108180999756,9592,17.168,5.0,5.0
16100,29.515308618545532,9592,13.7344,5.0,5.0
16110,29.54474139213562,9592,7.032012800000001,5.0,5.0
16112,29.547407388687134,9592,15.62561024,5.0,5.0
16120,29.56745743751526,9592,10.0003905536,5.0,5.0
16126,29.587078094482422,9592,15.120199963443202,5.0,5.0
16127,29.588449239730835,9592,22.096159970754563,5.0,5.0
16130,29.59433341026306,9592,17.67692797660365,5.0,5.0
16140,29.608872890472412,9592,5.792375759373485,5.0,5.0
16150,29.63430643081665,9592,5.0,5.0,5.0
16152,29.637044191360474,9592,14.0,5.0,5.0
16154,29.642218828201294,9592,21.200000000000003,5.0,5.0
16160,29.65409517288208,9592,13.568000000000005,5.0,5.0
16166,29.661720514297485,9592,15.557452800000004,5.0,5.0
16170,29.669182062149048,9592,9.956769792000003,5.0,5.0
16180,29.697436332702637,9592,5.097866133504002,5.0,5.0
16190,29.71431875228882,9592,14.0,5.0,5.0
16192,29.71939992904663,9592,21.200000000000003,5.0,5.0
16200,29.73055863380432,9592,5.557452800000004,5.0,5.0
16210,29.75192165374756,9592,5.0,5.0,5.0
16220,29.770549774169922,9592,5.0,5.0,5.0
16230,29.796347856521606,9592,5.0,5.0,5.0
16240,29.813063144683838,9592,5.0,5.0,5.0
16245,29.824639081954956,9592,14.0,5.0,5.0
16246,29.82598900794983,9592,21.200000000000003,5.0,5.0
16250,29.835399627685547,9592,21.200000000000003,5.0,5.0
16260,29.852441787719727,9592,16.946816000000005,5.0,5.0
16261,29.8538875579834,9592,23.557452800000007,5.0,5.0
16270,29.876015424728394,9592,15.076769792000006,5.0,5.0
16278,29.893896341323853,9592,16.175444906803204,5.0,5.0
16280,29.89901566505432,9592,12.940355925442564,5.0,5.0
16282,29.90167784690857,9592,20.35228474035405,5.0,5.0
16287,29.909698724746704,9592,20.420369787061276,5.0,5.0
16288,29.911009788513184,9592,26.33629582964902,5.0,5.0
16290,29.913373708724976,9592,21.069036663719217,5.0,5.0
16293,29.922003984451294,9592,26.855229330975373,5.0,5.0
16295,29.924597024917603,9592,27.18734677182424,5.0,5.0
16297,29.927104711532593,9592,31.749877417459395,5.0,5.0
16300,29.9332013130188,9592,20.319921547174015,5.0,5.0
16301,29.93468689918518,9592,26.255937237739214,5.0,5.0
16307,29.944058656692505,9592,26.8037998321531,5.0,5.0
16309,29.94635796546936,9592,27.154431892577986,5.0,5.0
16310,29.94746470451355,9592,27.154431892577986,5.0,5.0
16313,29.9514901638031,9592,23.90306912899993,5.0,5.0
16320,29.9619197845459,9592,7.832557692190699,5.0,5.0
16330,29.981775283813477,9592,5.0,5.0,5.0
16340,29.998615503311157,9592,5.0,5.0,5.0
16350,30.01555633544922,9592,5.0,5.0,5.0
16360,30.029420137405396,9592,5.0,5.0,5.0
16370,30.044225931167603,9592,5.0,5.0,5.0
16372,30.049570560455322,9592,14.0,5.0,5.0
16379,30.065903186798096,9592,15.7344,5.0,5.0
16380,30.07363247871399,9592,15.7344,5.0,5.0
16381,30.07568383216858,9592,22.58752,5.0,5.0
16390,30.08905291557312,9592,7.401478553600002,5.0,5.0
16400,30.108318090438843,9592,5.0,5.0,5.0
16405,30.11888813972473,9592,14.0,5.0,5.0
16409,30.123812675476074,9592,17.168,5.0,5.0
16410,30.125101566314697,9592,13.7344,5.0,5.0
16414,30.130196809768677,9592,17.0320128,5.0,5.0
16420,30.141506671905518,9592,8.720390553600001,5.0,5.0
16424,30.150686740875244,9592,16.97631244288,5.0,5.0
16430,30.160065174102783,9592,10.864839963443202,5.0,5.0
16440,30.18014097213745,9592,5.56279806128292,5.0,5.0
16441,30.181557655334473,9592,14.450238449026337,5.0,5.0
16443,30.186375856399536,9592,21.560190759221072,5.0,5.0
16450,30.198933839797974,9592,13.798522085901489,5.0,5.0
16460,30.213497400283813,9592,5.0,5.0,5.0
16467,30.231473207473755,9592,14.0,5.0,5.0
16470,30.237390279769897,9592,14.0,5.0,5.0
16474,30.247209072113037,9592,18.96,5.0,5.0
16478,30.25701093673706,9592,22.1344,5.0,5.0
16480,30.259485483169556,9592,27.70752,5.0,5.0
16490,30.276172399520874,9592,9.079200153600002,5.0,5.0
16492,30.278764009475708,9592,15.810688098304002,5.0,5.0
16495,30.285128116607666,9592,20.118840382914563,5.0,5.0
16500,30.296966552734375,9592,10.300846276052258,5.0,5.0
16510,30.314199924468994,9592,5.0,5.0,5.0
16517,30.327181816101074,9592,14.0,5.0,5.0
16520,30.330835103988647,9592,8.96,5.0,5.0
16523,30.334757089614868,9592,15.7344,5.0,5.0
16530,30.3450448513031,9592,8.056012800000003,5.0,5.0
16532,30.349897146224976,9592,16.444810240000002,5.0,5.0
16539,30.358943700790405,9592,14.310908335554561,5.0,5.0
16540,30.360133171081543,9592,11.44872666844365,5.0,5.0
16541,30.36148238182068,9592,19.15898133475492,5.0,5.0
16550,30.377187728881836,9592,7.847518754715617,5.0,5.0
16552,30.380571126937866,9592,16.278015003772495,5.0,5.0
16560,30.398719787597656,9592,8.33434368193152,5.0,5.0
16567,30.409916639328003,9592,14.0,5.0,5.0
16568,30.41147518157959,9592,21.200000000000003,5.0,5.0
16570,30.413748264312744,9592,21.200000000000003,5.0,5.0
16580,30.431111335754395,9592,15.557452800000004,5.0,5.0
16585,30.443239450454712,9592,19.956769792000003,5.0,5.0
16588,30.44669222831726,9592,12.772332666880004,5.0,14.0
16589,30.448044061660767,9592,20.217866133504003,5.0,14.0
16590,30.45152449607849,9592,20.217866133504003,5.0,14.0
16591,30.45289397239685,9592,26.174292906803203,5.0,14.0
16596,30.473430156707764,9592,30.939434325442562,5.0,8.96
16598,30.47660541534424,9592,34.75154746035405,5.0,7.168000000000001
16600,30.47886347770691,9592,32.24099037462659,5.0,7.168000000000001
16607,30.487428903579712,9592,18.451782180766116,5.0,5.734400000000001
16610,30.491050481796265,9592,9.447312476552254,5.0,5.734400000000001
16620,30.515198707580566,9592,6.046279984993443,5.0,5.0
16622,30.5175564289093,9592,14.0,5.0,5.0
16626,30.524978637695312,9592,17.168,5.0,5.0
16627,30.52633261680603,9592,23.7344,5.0,5.0
16628,30.527647018432617,9592,28.98752,5.0,5.0
16630,30.52972650527954,9592,18.5520128,5.0,5.0
16637,30.545381784439087,9592,17.598904442880002,5.0,5.0
16639,30.550329208374023,9592,24.079123554304005,5.0,5.0
16640,30.551538467407227,9592,19.263298843443206,5.0,5.0
16650,30.571213960647583,9592,6.312197765019471,5.0,5.0
16660,30.59418511390686,9592,5.049758212015577,5.0,5.0
16670,30.619255781173706,9592,5.0,5.0,5.0
16680,30.643305778503418,9592,5.0,5.0,5.0
16690,30.674242734909058,9592,5.0,5.0,5.0
16698,30.691585302352905,9592,14.0,5.0,5.0
16700,30.696549654006958,9592,11.200000000000001,5.0,5.0
16701,30.697959899902344,9592,18.96,5.0,5.0
16703,30.700437545776367,9592,25.168,5.0,5.0
16704,30.701844215393066,9592,30.1344,5.0,5.0
16710,30.71177363395691,9592,15.428812800000003,5.0,5.0
16716,30.725030422210693,9592,16.319641722880004,5.0,5.0
16717,30.727322101593018,9592,23.055713378304006,5.0,5.0
16720,30.73794460296631,9592,14.755656562114565,5.0,5.0
16725,30.75299334526062,9592,16.043916927842126,5.0,5.0
16728,30.75652503967285,9592,20.268106833818962,5.0,5.0
16730,30.761481523513794,9592,16.21448546705517,5.0,5.0
16740,30.77834153175354,9592,6.641453247305799,5.0,5.0
16742,30.780736207962036,9592,14.250530078275712,5.0,5.0
16750,30.800606966018677,9592,7.296271400077166,5.0,5.0
16751,30.80199432373047,9592,15.837017120061734,5.0,5.0
16759,30.81984829902649,9592,15.18947376990183,5.0,5.0
16760,30.821097135543823,9592,12.151579015921465,5.0,5.0
16763,30.82706117630005,9592,19.72126321273717,5.0,5.0
16770,30.838367223739624,9592,8.077829411937147,5.0,5.0
16771,30.839781522750854,9592,16.462263529549716,5.0,5.0
16773,30.84235906600952,9592,20.535848658911817,5.0,5.0
16778,30.8511745929718,9592,23.14294314170356,5.0,5.0
16780,30.853749752044678,9592,28.51435451336285,5.0,5.0
16788,30.868753910064697,9592,21.679479608673425,5.0,5.0
16790,30.870705127716064,9592,17.34358368693874,5.0,5.0
16797,30.882338047027588,9592,21.099893559640794,5.0,5.0
16800,30.886011362075806,9592,13.50393187817011,5.0,5.0
16806,30.90175724029541,9592,16.9140131216231,5.0,5.0
16809,30.907546997070312,9592,23.53121049729848,5.0,5.0
16810,30.908763647079468,9592,18.824968397838784,5.0,5.0
16817,30.919872999191284,9592,17.710707055754767,5.0,5.0
16820,30.928810834884644,9592,17.710707055754767,5.0,5.0
16821,30.93034791946411,9592,24.168565644603817,5.0,5.0
16825,30.937806844711304,9592,22.374305610037155,5.0,5.0
16830,30.94338870048523,9592,14.319555590423782,5.0,5.0
16832,30.948487758636475,9592,21.455644472339024,5.0,5.0
16840,30.96095561981201,9592,17.030585580696055,5.0,5.0
16843,30.966811180114746,9592,20.899574771645476,5.0,5.0
16844,30.968217372894287,9592,26.71965981731638,5.0,5.0
16850,30.980836629867554,9592,10.944372661172793,5.0,5.0
16860,30.994113206863403,9592,5.60351880252047,5.0,5.0
16870,31.01608896255493,9592,5.0,5.0,5.0
16880,31.03489398956299,9592,5.0,5.0,5.0
16890,31.055860996246338,9592,5.0,5.0,5.0
16893,31.06199622154236,9592,14.0,5.0,5.0
16900,31.0751793384552,9592,5.734400000000001,5.0,5.0
16903,31.083995819091797,9592,14.587520000000001,5.0,5.0
16907,31.088643312454224,9592,17.468810240000003,5.0,5.0
16910,31.09435272216797,9592,13.975048192000003,5.0,5.0
16915,31.10520577430725,9592,18.944030842880004,5.0,5.0
16917,31.10787296295166,9592,22.124179739443203,5.0,5.0
16920,31.11090111732483,9592,17.699343791554565,5.0,5.0
16921,31.11300754547119,9592,24.159475033243652,5.0,5.0
16930,31.130475759506226,9592,9.895720973616603,5.0,5.0
16934,31.135274171829224,9592,16.333261423114628,5.0,5.0
16937,31.139051914215088,9592,20.453287310793364,5.0,5.0
16940,31.142632722854614,9592,13.090103878907755,5.0,5.0
16949,31.159908771514893,9592,14.289365239040494,5.0,5.0
16950,31.161221265792847,9592,21.431492191232394,5.0,5.0
16957,31.169413328170776,9592,17.022671361223033,5.0,5.0
16960,31.173120737075806,9592,8.715607736946195,5.0,5.0
16970,31.197579860687256,9592,6.972486189556957,5.0,5.0
16975,31.210508584976196,9592,14.462391161316454,5.0,5.0
16980,31.218764543533325,9592,9.25593034324253,5.0,5.0
16982,31.2209792137146,9592,17.404744274594023,5.0,5.0
16990,31.2331964969635,9592,17.128983254873713,5.0,5.0
16991,31.234535217285156,9592,23.70318660389897,5.0,5.0
16993,31.239060163497925,9592,28.962549283119177,5.0,5.0
16998,31.247499465942383,9592,24.828825232957023,5.0,5.0
17000,31.249932289123535,9592,15.890448149092496,5.0,5.0
17001,31.25131893157959,9592,22.712358519273998,5.0,5.0
17003,31.25388741493225,9592,24.53590945233536,5.0,5.0
17004,31.255199432373047,9592,29.62872756186829,5.0,5.0
17009,31.264972448349,9592,28.962385639595706,5.0,5.0
17010,31.26642155647278,9592,33.16990851167657,5.0,5.0
17017,31.27961754798889,9592,23.586394526382726,5.0,5.0
17020,31.28564739227295,9592,25.095292496884944,5.0,5.0
17030,31.30227565765381,9592,8.223225445379262,5.0,5.0
17035,31.311060905456543,9592,14.210291428034182,5.0,5.0
17040,31.321796894073486,9592,9.094586513941877,5.0,5.0
17050,31.342533111572266,9592,5.0,5.0,5.0
17060,31.37340259552002,9592,5.0,5.0,5.0
17070,31.389848709106445,9592,5.0,5.0,5.0
17080,31.413984775543213,9592,14.0,5.0,5.0
17086,31.42315411567688,9592,17.168,5.0,5.0
17090,31.43075156211853,9592,8.790016000000001,5.0,5.0
17092,31.433337450027466,9592,17.0320128,5.0,5.0
17096,31.440821886062622,9592,18.7203905536,5.0,5.0
17100,31.448729276657104,9592,11.981049954304002,5.0,5.0
17101,31.450194120407104,9592,19.5848399634432,5.0,5.0
17104,31.45411229133606,9592,20.027438061282922,5.0,5.0
17107,31.46069836616516,9592,22.81756035922107,5.0,5.0
17110,31.46449303627014,9592,14.603238629901487,5.0,5.0
17114,31.472140789031982,9592,19.346072723136952,5.0,5.0
17120,31.47895359992981,9592,9.905189234246121,5.0,5.0
17121,31.48035502433777,9592,17.924151387396897,5.0,5.0
17125,31.48832678794861,9592,19.177165510347216,5.0,5.0
17130,31.500596046447754,9592,12.273385926622218,5.0,5.0
17137,31.50866198539734,9592,16.283973594430577,5.0,5.0
17140,31.512288570404053,9592,10.42174310043557,5.0,5.0
17150,31.530890464782715,9592,5.335932467423013,5.0,5.0
17153,31.536978483200073,9592,14.268745973938412,5.0,5.0
17160,31.550443649291992,9592,5.844478350925175,5.0,5.0
17161,31.55189299583435,9592,14.67558268074014,5.0,5.0
17162,31.55317187309265,9592,21.740466144592112,5.0,5.0
17170,31.567471265792847,9592,7.123915946259945,5.0,5.0
17180,31.591296434402466,9592,14.0,5.0,5.0
17190,31.60804271697998,9592,5.0,5.0,5.0
17192,31.612914323806763,9592,14.0,5.0,5.0
17200,31.629095315933228,9592,5.0,5.0,5.0
17210,31.656965017318726,9592,5.0,5.0,5.0
17220,31.676292419433594,9592,5.0,5.0,5.0
17221,31.677695989608765,9592,14.0,5.0,5.0
17227,31.687861442565918,9592,17.168,5.0,5.0
17230,31.694020986557007,9592,13.7344,5.0,5.0
17240,31.7173068523407,9592,5.0,5.0,5.0
17243,31.72375798225403,9592,14.0,5.0,5.0
17250,31.734646797180176,9592,5.0,5.0,5.0
17260,31.756530284881592,9592,5.0,5.0,5.0
17270,31.777238845825195,9592,5.0,5.0,5.0
17276,31.789331912994385,9592,14.0,5.0,5.0
17280,31.794432640075684,9592,17.168,5.0,5.0
17283,31.797898292541504,9592,20.987520000000004,5.0,5.0
17286,31.80396008491516,9592,23.432012800000003,5.0,5.0
17287,31.80533766746521,9592,28.74561024,5.0,5.0
17289,31.80802631378174,9592,28.3971905536,5.0,5.0
17290,31.809235095977783,9592,22.717752442880002,5.0,5.0
17300,31.834136724472046,9592,19.30519140060365,5.0,5.0
17304,31.841444492340088,9592,22.355322496386336,5.0,5.0
17305,31.84286618232727,9592,27.88425799710907,5.0,5.0
17307,31.845625638961792,9592,27.845925118149808,5.0,5.0
17310,31.855459451675415,9592,22.276740094519848,5.0,5.0
17320,31.872188091278076,9592,5.0,5.0,5.0
17330,31.893659114837646,9592,14.0,5.0,5.0
17332,31.896190881729126,9592,21.200000000000003,5.0,5.0
17333,31.8975031375885,9592,26.960000000000004,5.0,5.0
17340,31.913389682769775,9592,13.803520000000004,5.0,5.0
17350,31.940709352493286,9592,5.653921792000003,5.0,5.0
17360,31.961447954177856,9592,5.0,5.0,5.0
17363,31.967322826385498,9592,14.0,5.0,5.0
17370,31.978084564208984,9592,5.734400000000001,5.0,5.0
17375,31.984357833862305,9592,14.0,5.0,5.0
17377,31.987327814102173,9592,18.96,5.0,5.0
17380,31.99112319946289,9592,12.134400000000001,5.0,5.0
17390,32.004493713378906,9592,5.0,5.0,5.0
17400,32.02093839645386,9592,5.0,5.0,5.0
17403,32.029067516326904,9592,14.0,5.0,5.0
17410,32.04102182388306,9592,5.734400000000001,5.0,5.0
17418,32.059088706970215,9592,14.587520000000001,5.0,5.0
17420,32.061497926712036,9592,11.670016000000002,5.0,5.0
17423,32.064775466918945,9592,17.468810240000003,5.0,5.0
17430,32.074944734573364,9592,7.1552246743040016,5.0,5.0
17436,32.0846312046051,9592,14.57934379155456,5.0,5.0
17437,32.08603262901306,9592,21.66347503324365,5.0,5.0
17440,32.08970904350281,9592,23.864624021275937,5.0,5.0
17450,32.10625624656677,9592,17.8199599992917,5.0,5.0
17452,32.10879683494568,9592,24.25596799943336,5.0,5.0
17460,32.129562854766846,9592,22.41905561570988,5.0,5.0
17470,32.14338183403015,9592,9.182845180194768,5.0,5.0
17480,32.157416582107544,9592,5.0,5.0,5.0
17483,32.16107988357544,9592,14.0,5.0,5.0
17490,32.17426037788391,9592,5.0,5.0,5.0
17493,32.18033790588379,9592,14.0,5.0,5.0
17494,32.181673526763916,9592,21.200000000000003,5.0,5.0
17496,32.18416428565979,9592,23.568000000000005,5.0,5.0
17500,32.19124627113342,9592,15.083520000000005,5.0,5.0
17502,32.19375777244568,9592,19.653452800000004,5.0,5.0
17503,32.19503450393677,9592,25.72276224,5.0,5.0
17510,32.207666635513306,9592,8.428834730803201,5.0,5.0
17520,32.22660517692566,9592,14.315563382171241,5.0,5.0
17530,32.24549865722656,9592,5.0,5.0,5.0
17538,32.25921988487244,9592,14.0,5.0,5.0
17540,32.26157283782959,9592,11.200000000000001,5.0,5.0
17545,32.269898414611816,9592,17.168,5.0,5.0
17550,32.2780020236969,9592,8.790016000000001,5.0,5.0
17560,32.300724506378174,9592,7.032012800000001,5.0,5.0
17570,32.31698751449585,9592,5.0,5.0,5.0
17580,32.335591554641724,9592,14.0,5.0,5.0
17582,32.33827996253967,9592,18.96,5.0,5.0
17585,32.34173274040222,9592,22.1344,5.0,5.0
17590,32.352084159851074,9592,11.3328128,5.0,5.0
17600,32.37467885017395,9592,9.06625024,5.0,5.0
17608,32.3888578414917,9592,14.0,5.0,5.0
17610,32.3934760093689,9592,11.200000000000001,5.0,5.0
17611,32.394939661026,9592,18.96,5.0,5.0
17620,32.40962553024292,9592,7.766016000000002,5.0,5.0
17624,32.41634225845337,9592,14.970250240000002,5.0,5.0
17626,32.42112374305725,9592,21.976200192,5.0,5.0
17630,32.42793822288513,9592,17.5809601536,5.0,5.0
17640,32.446486949920654,9592,5.760929023131649,5.0,5.0
17642,32.44872832298279,9592,14.0,5.0,5.0
17650,32.45825552940369,9592,5.0,5.0,5.0
17658,32.476197242736816,9592,14.0,5.0,5.0
17660,32.47864365577698,9592,8.96,5.0,5.0
17670,32.49922966957092,9592,5.0,5.0,5.0
17675,32.51095271110535,9592,14.0,5.0,5.0
17680,32.51860237121582,9592,7.168000000000001,5.0,5.0
17681,32.51994824409485,9592,15.7344,5.0,5.0
17690,32.532819509506226,9592,6.4448102400000025,5.0,5.0
17693,32.53912878036499,9592,5.155848192000002,5.0,14.0
17700,32.55446219444275,9592,5.0,5.0,7.168000000000001
17705,32.56733465194702,9592,14.0,5.0,7.168000000000001
17710,32.57260465621948,9592,7.168000000000001,5.0,5.0
17713,32.5787136554718,9592,14.587520000000001,5.0,5.0
17716,32.58477854728699,9592,19.336012800000002,5.0,5.0
17720,32.592007875442505,9592,9.900038553600004,5.0,5.0
17730,32.61252450942993,9592,5.068819739443203,5.0,5.0
17733,32.61788463592529,9592,14.055055791554562,5.0,5.0
17736,32.625892162323,9592,21.24404463324365,5.0,5.0
17738,32.62844133377075,9592,23.596188565275938,5.0,5.0
17739,32.629799604415894,9592,28.87695085222075,5.0,5.0
17740,32.63093447685242,9592,28.87695085222075,5.0,5.0
17750,32.647605657577515,9592,6.055935523363647,5.0,5.0
17754,32.65482020378113,9592,14.84474841869092,5.0,5.0
17759,32.66258764266968,9592,21.87579873495274,5.0,5.0
17760,32.663809061050415,9592,17.50063898796219,5.0,5.0
17764,32.6684832572937,9592,18.960327161836645,5.0,5.0
17770,32.68017888069153,9592,9.707687506860363,5.0,5.0
17772,32.68504571914673,9592,17.766150005488292,5.0,5.0
17780,32.70585322380066,9592,9.096268802810007,5.0,5.0
17785,32.714022397994995,9592,14.0,5.0,5.0
17790,32.72148680686951,9592,8.96,5.0,5.0
17800,32.74056529998779,9592,5.0,5.0,5.0
17805,32.75697064399719,9592,14.0,5.0,5.0
17806,32.75847315788269,9592,21.200000000000003,5.0,5.0
17809,32.764806509017944,9592,23.568000000000005,5.0,5.0
17810,32.766242027282715,9592,28.854400000000005,5.0,5.0
17820,32.78595185279846,9592,7.564007833600003,5.0,5.0
17822,32.7887544631958,9592,14.840965013504004,5.0,5.0
17830,32.806790590286255,9592,9.498217608642562,5.0,5.0
17840,32.827372789382935,9592,6.0788592695312405,5.0,5.0
17850,32.85147476196289,9592,5.0,5.0,5.0
17857,32.86235809326172,9592,14.0,5.0,5.0
17860,32.870994091033936,9592,11.200000000000001,5.0,5.0
17870,32.90118598937988,9592,7.168000000000001,5.0,5.0
17880,32.91491341590881,9592,14.0,5.0,5.0
17890,32.931880950927734,9592,5.0,5.0,5.0
17900,32.95080637931824,9592,5.0,5.0,5.0
17910,32.97200679779053,9592,5.0,5.0,5.0
17920,32.99521470069885,9592,5.0,5.0,5.0
17924,33.004701375961304,9592,14.0,5.0,5.0
17928,33.01215076446533,9592,18.96,5.0,5.0
17929,33.013723373413086,9592,25.168,5.0,5.0
17930,33.014976501464844,9592,20.1344,5.0,5.0
17934,33.02257537841797,9592,20.308812800000002,5.0,5.0
17938,33.02986669540405,9592,20.398112153600003,5.0,5.0
17939,33.03125715255737,9592,26.318489722880003,5.0,5.0
17940,33.03263783454895,9592,31.054791778304004,5.0,5.0
17945,33.03890299797058,9592,22.720042712393322,5.0,5.0
17947,33.04146718978882,9592,28.176034169914658,5.0,5.0
17948,33.04279160499573,9592,32.54082733593172,5.0,5.0
17950,33.04524064064026,9592,26.03266186874538,5.0,5.0
17953,33.04913949966431,9592,26.660903595997045,5.0,5.0
17958,33.05525302886963,9592,27.06297830143811,5.0,5.0
17960,33.057711362838745,9592,17.32030611292039,5.0,5.0
17969,33.07589030265808,9592,17.094397383852193,5.0,5.0
17970,33.0774450302124,9592,13.675517907081755,5.0,5.0
17972,33.082759857177734,9592,20.940414325665405,5.0,5.0
17976,33.08776783943176,9592,20.72149213474069,5.0,5.0
17980,33.09227252006531,9592,10.609403972987236,5.0,5.0
17983,33.09562945365906,9592,16.79001854271183,5.0,5.0
17984,33.09696340560913,9592,23.432014834169465,5.0,5.0
17985,33.09832787513733,9592,28.745611867335572,5.0,5.0
17990,33.10592460632324,9592,11.774202620860653,5.0,5.0
17994,33.11324334144592,9592,16.028391741880654,5.0,5.0
17995,33.114567041397095,9592,22.82271339350452,5.0,5.0
17998,33.12056851387024,9592,24.606536571842895,5.0,5.0
17999,33.121952295303345,9592,29.68522925747432,5.0,5.0
18000,33.12318539619446,9592,23.748183405979457,5.0,5.0
18001,33.12456679344177,9592,28.998546724783566,5.0,5.0
18004,33.12802171707153,9592,28.559069903861484,5.0,5.0
18005,33.129414558410645,9592,32.84725592308919,5.0,5.0
18010,33.14024496078491,9592,21.022243790777086,5.0,5.0
18013,33.14425230026245,9592,20.76338882087787,5.0,5.0
18017,33.151615619659424,9592,23.288568845361837,5.0,5.0
18020,33.15486168861389,9592,11.923747248825263,5.0,5.0
18030,33.175734996795654,9592,14.0,5.0,5.0
18040,33.19442009925842,9592,5.0,5.0,5.0
18042,33.199564695358276,9592,14.0,5.0,5.0
18047,33.20836782455444,9592,17.168,5.0,5.0
18050,33.21418023109436,9592,13.7344,5.0,5.0
18052,33.21687602996826,9592,18.790016,5.0,5.0
18054,33.22467756271362,9592,22.025610240000002,5.0,5.0
18059,33.23144173622131,9592,19.021689954304,5.0,5.0
18060,33.23256516456604,9592,19.021689954304,5.0,5.0
18066,33.241986989974976,9592,19.73910525660365,5.0,5.0
18069,33.245615005493164,9592,20.106421891381068,5.0,5.0
18070,33.24679493904114,9592,20.106421891381068,5.0,5.0
18073,33.25304079055786,9592,22.868110010483882,5.0,5.0
18080,33.26385450363159,9592,7.49342228823536,5.0,5.0
18088,33.28123354911804,9592,14.0,5.0,5.0
18090,33.28547167778015,9592,11.200000000000001,5.0,5.0
18094,33.29066801071167,9592,15.7344,5.0,5.0
18099,33.29955577850342,9592,18.056012800000005,5.0,5.0
18100,33.30078983306885,9592,14.444810240000004,5.0,5.0
18110,33.312609910964966,9592,5.916594274304003,5.0,5.0
18117,33.32653999328613,9592,14.0,5.0,5.0
18120,33.33036518096924,9592,7.168000000000001,5.0,5.0
18130,33.35405516624451,9592,5.0,5.0,5.0
18140,33.37605547904968,9592,5.0,5.0,5.0
18150,33.38766670227051,9592,5.0,5.0,5.0
18160,33.41057634353638,9592,5.0,5.0,5.0
18170,33.42992806434631,9592,5.0,5.0,5.0
18179,33.45065140724182,9592,14.0,5.0,5.0
18180,33.458709478378296,9592,14.0,5.0,5.0
18188,33.469329833984375,9592,14.587520000000001,5.0,5.0
18190,33.471731185913086,9592,11.670016000000002,5.0,5.0
18195,33.47791361808777,9592,14.780038553600003,5.0,5.0
18198,33.48180294036865,9592,17.5673797394432,5.0,5.0
18200,33.48443961143494,9592,21.24312303324365,5.0,5.0
18203,33.48818349838257,9592,23.595598741275936,5.0,5.0
18210,33.496596336364746,9592,17.731805795541298,5.0,5.0
18212,33.50146198272705,9592,24.18544463643304,5.0,5.0
18220,33.517518520355225,9592,9.906358123082974,5.0,5.0
18223,33.523703813552856,9592,16.340069198773104,5.0,5.0
18226,33.52747178077698,9592,20.45764428721479,5.0,5.0
18229,33.53337121009827,9592,23.092892343817468,5.0,5.0
18230,33.53455305099487,9592,18.474313875053976,5.0,5.0
18234,33.53963804244995,9592,19.458848704027638,5.0,5.0
18240,33.55224561691284,9592,12.45366317057769,5.0,5.0
18250,33.57168197631836,9592,14.0,5.0,5.0
18260,33.587242603302,9592,8.96,5.0,5.0
18270,33.60854363441467,9592,5.0,5.0,5.0
18280,33.62959432601929,9592,5.0,5.0,5.0
18289,33.64399456977844,9592,14.0,5.0,5.0
18290,33.64469814300537,9592,14.0,5.0,5.0
18291,33.6462082862854,9592,21.200000000000003,5.0,5.0
18293,33.65156626701355,9592,26.960000000000004,5.0,5.0
18300,33.66012525558472,9592,11.042816000000004,5.0,5.0
18305,33.67441654205322,9592,18.8342528,5.0,5.0
18309,33.68421697616577,9592,22.053921792000004,5.0,5.0
18310,33.68545842170715,9592,17.643137433600003,5.0,5.0
18320,33.704137325286865,9592,14.0,5.0,5.0
18323,33.70987105369568,9592,18.96,5.0,5.0
18327,33.71708965301514,9592,19.707520000000002,5.0,5.0
18329,33.71974992752075,9592,22.6128128,5.0,5.0
18330,33.7208685874939,9592,22.6128128,5.0,5.0
18337,33.731534242630005,9592,21.577760153600003,5.0,5.0
18340,33.735321283340454,9592,13.809766498304004,5.0,5.0
18341,33.7367160320282,9592,21.047813198643205,5.0,5.0
18343,33.739232778549194,9592,26.838250558914563,5.0,5.0
18345,33.74189805984497,9592,27.176480357705323,5.0,5.0
18350,33.74801445007324,9592,13.914357943145127,5.0,5.0
18360,33.761709451675415,9592,5.0,5.0,5.0
18367,33.77519631385803,9592,14.0,5.0,5.0
18370,33.77885437011719,9592,8.96,5.0,5.0
18380,33.79553198814392,9592,5.0,5.0,5.0
18385,33.80374360084534,9592,14.0,5.0,5.0
18387,33.8087158203125,9592,21.200000000000003,5.0,5.0
18390,33.814995765686035,9592,16.960000000000004,5.0,5.0
18400,33.84287071228027,9592,5.0,5.0,5.0
18404,33.85275959968567,9592,14.0,5.0,5.0
18410,33.860297203063965,9592,5.734400000000001,5.0,5.0
18420,33.88217878341675,9592,5.0,5.0,5.0
18430,33.89860820770264,9592,5.0,5.0,5.0
18440,33.91929292678833,9592,5.0,5.0,5.0
18450,33.94076895713806,9592,5.0,5.0,5.0
18460,33.96180772781372,9592,5.0,5.0,5.0
18467,33.97529339790344,9592,14.0,5.0,5.0
18468,33.97668504714966,9592,21.200000000000003,5.0,5.0
18470,33.97914099693298,9592,13.568000000000005,5.0,5.0
18480,34.00444960594177,9592,6.9468160000000045,5.0,5.0
18490,34.01914072036743,9592,5.0,5.0,5.0
18500,34.03833198547363,9592,14.0,5.0,5.0
18510,34.05634164810181,9592,7.168000000000001,5.0,5.0
18518,34.07132315635681,9592,14.0,5.0,5.0
18520,34.073710441589355,9592,11.200000000000001,5.0,5.0
18521,34.075164556503296,9592,18.96,5.0,5.0
18525,34.0825560092926,9592,22.1344,5.0,5.0
18528,34.086413621902466,9592,24.166016,5.0,5.0
18529,34.087846517562866,9592,29.3328128,5.0,5.0
18530,34.08855104446411,9592,29.3328128,5.0,5.0
18533,34.092573165893555,9592,25.018400153600002,5.0,5.0
18540,34.10395693778992,9592,18.198029362331653,5.0,5.0
18550,34.120856046676636,9592,9.317391033513807,5.0,5.0
18551,34.12235999107361,9592,17.453912826811045,5.0,5.0
18560,34.132760524749756,9592,5.719298155089445,5.0,5.0
18570,34.15288734436035,9592,5.0,5.0,5.0
18578,34.16510891914368,9592,14.0,5.0,5.0
18579,34.1664924621582,9592,21.200000000000003,5.0,5.0
18580,34.16775059700012,9592,21.200000000000003,5.0,5.0
18590,34.18488693237305,9592,5.0,5.0,5.0
18593,34.19613790512085,9592,14.0,5.0,5.0
18600,34.20998787879944,9592,7.168000000000001,5.0,5.0
18603,34.21939134597778,9592,15.7344,5.0,5.0
18605,34.22198557853699,9592,22.58752,5.0,5.0
18606,34.223384618759155,9592,28.070016000000003,5.0,5.0
18607,34.224812507629395,9592,32.4560128,5.0,5.0
18610,34.23117733001709,9592,20.771848192000007,5.0,5.0
18613,34.23514986038208,9592,23.293982842880006,5.0,5.0
18620,34.25066018104553,9592,9.54121537244365,5.0,5.0
18623,34.25457549095154,9592,16.106377838363937,5.0,5.0
18624,34.2560498714447,9592,22.88510227069115,5.0,5.0
18628,34.261207818984985,9592,21.71717236259387,5.0,5.0
18630,34.263816595077515,9592,27.3737378900751,5.0,5.0
18632,34.26645302772522,9592,27.519192249648064,5.0,5.0
18633,34.2678337097168,9592,32.015353799718454,5.0,5.0
18635,34.270458698272705,9592,30.489826431819814,5.0,5.0
18640,34.27943277359009,9592,15.610791133091746,5.0,5.0
18644,34.28442335128784,9592,19.99090632517872,5.0,5.0
18647,34.28827714920044,9592,22.794180048114384,5.0,5.0
18650,34.293978691101074,9592,18.235344038491508,5.0,5.0
18657,34.30538487434387,9592,15.9753575345329,5.0,5.0
18659,34.311229944229126,9592,22.78028602762632,5.0,5.0
18660,34.3126425743103,9592,28.224228822101058,5.0,5.0
18662,34.31474804878235,9592,32.57938305768084,5.0,5.0
18670,34.33430075645447,9592,16.68064412553259,5.0,5.0
18671,34.33586525917053,9592,23.344515300426075,5.0,5.0
18674,34.34211564064026,9592,24.94048979227269,5.0,5.0
18675,34.34348392486572,9592,29.952391833818155,5.0,5.0
18680,34.34976315498352,9592,15.335624618914899,5.0,5.0
18688,34.361095666885376,9592,16.281471843907543,5.0,5.0
18690,34.36368465423584,9592,23.025177475126036,5.0,5.0
18691,34.36502027511597,9592,28.42014198010083,5.0,5.0
18696,34.37840938568115,9592,28.188890867264533,5.0,5.0
18700,34.38330435752869,9592,14.432712124039444,5.0,5.0
18710,34.397844076156616,9592,5.0,5.0,5.0
18713,34.40412878990173,9592,14.0,5.0,5.0
18720,34.41535806655884,9592,5.0,5.0,5.0
18721,34.41679310798645,9592,14.0,5.0,5.0
18730,34.43582224845886,9592,8.96,5.0,5.0
18740,34.454848527908325,9592,5.0,5.0,5.0
18742,34.4571168422699,9592,14.0,5.0,5.0
18750,34.47173881530762,9592,8.96,5.0,5.0
18760,34.49110817909241,9592,5.0,5.0,5.0
18770,34.51437759399414,9592,5.0,5.0,5.0
18772,34.519676208496094,9592,14.0,5.0,5.0
18775,34.52646827697754,9592,18.96,5.0,5.0
18780,34.53535842895508,9592,7.766016000000002,5.0,5.0
18789,34.55781650543213,9592,14.970250240000002,5.0,5.0
18790,34.55906701087952,9592,11.976200192000002,5.0,5.0
18795,34.57024788856506,9592,17.66476812288,5.0,5.0
18798,34.576446771621704,9592,21.305451598643202,5.0,5.0
18800,34.578514099121094,9592,13.63548902313165,5.0,5.0
18802,34.58324837684631,9592,20.908391218505322,5.0,5.0
18805,34.58669900894165,9592,23.381370379843407,5.0,5.0
18809,34.59347867965698,9592,24.96407704309978,5.0,5.0
18810,34.594279527664185,9592,19.971261634479827,5.0,5.0
18819,34.607237100601196,9592,14.188277127927266,5.0,5.0
18820,34.60863423347473,9592,21.35062170234181,5.0,5.0
18823,34.612377405166626,9592,23.664397889498762,5.0,5.0
18830,34.623268365859985,9592,9.692937375538696,5.0,5.0
18840,34.642473459243774,9592,5.0,5.0,5.0
18849,34.66038274765015,9592,14.0,5.0,5.0
18850,34.66159772872925,9592,14.0,5.0,5.0
18854,34.67897343635559,9592,21.200000000000003,5.0,5.0
18860,34.69329261779785,9592,23.568000000000005,5.0,5.0
18863,34.69730758666992,9592,25.083520000000007,5.0,5.0
18864,34.69870972633362,9592,30.066816000000006,5.0,5.0
18866,34.7037878036499,9592,34.0534528,5.0,5.0
18870,34.707887411117554,9592,17.435367833600004,5.0,5.0
18872,34.7107675075531,9592,21.158635413504005,5.0,5.0
18880,34.72553086280823,9592,6.933261652296993,5.0,5.0
18881,34.72693657875061,9592,15.546609321837595,5.0,5.0
18889,34.741926193237305,9592,17.959863972780852,5.0,5.0
18890,34.74319291114807,9592,14.367891178224681,5.0,5.0
18900,34.76387000083923,9592,7.356360283251039,5.0,5.0
18903,34.76978015899658,9592,14.708070581280666,5.0,5.0
18905,34.77245235443115,9592,19.413165172019625,5.0,5.0
18910,34.7784640789032,9592,12.424425710092562,5.0,5.0
18913,34.78238272666931,9592,17.95163245445924,5.0,5.0
18920,34.7938346862793,9592,14.361305963567393,5.0,5.0
18922,34.79683709144592,9592,21.489044770853916,5.0,5.0
18925,34.80095076560974,9592,23.752988653346506,5.0,5.0
18928,34.8050434589386,9592,22.16153019051341,5.0,5.0
18930,34.80751967430115,9592,17.72922415241073,5.0,5.0
18936,34.8150155544281,9592,19.077362766034295,5.0,5.0
18940,34.82309341430664,9592,12.20951217026195,5.0,5.0
18942,34.82852244377136,9592,19.76760973620956,5.0,5.0
18948,34.838571310043335,9592,22.65127023117412,5.0,5.0
18950,34.841187715530396,9592,24.49681294795144,5.0,5.0
18952,34.846951484680176,9592,29.597450358361154,5.0,5.0
18957,34.853440046310425,9592,22.123115666784734,5.0,5.0
18960,34.86227607727051,9592,22.123115666784734,5.0,5.0
18967,34.87097668647766,9592,19.06162817711503,5.0,5.0
18968,34.872438192367554,9592,25.249302541692025,5.0,5.0
18970,34.8745698928833,9592,16.159553626682897,5.0,5.0
18975,34.883822202682495,9592,18.273691456861645,5.0,5.0
18980,34.88988494873047,9592,11.695162532391453,5.0,5.0
18984,34.897396087646484,9592,17.484904020730532,5.0,5.0
18990,34.907718896865845,9592,7.161816686891227,5.0,5.0
18994,34.91583824157715,9592,14.0,5.0,5.0
18997,34.91975474357605,9592,18.96,5.0,5.0
19000,34.92338991165161,9592,12.134400000000001,5.0,5.0
19002,34.928630352020264,9592,19.707520000000002,5.0,5.0
19003,34.929999351501465,9592,25.766016,5.0,5.0
19004,34.93144345283508,9592,30.6128128,5.0,5.0
19005,34.932812213897705,9592,34.49025024,5.0,5.0
19006,34.93419790267944,9592,37.59220019200001,5.0,5.0
19010,34.9411563873291,9592,30.073760153600006,5.0,5.0
19014,34.946354150772095,9592,29.247206498304006,5.0,5.0
19015,34.94773626327515,9592,33.39776519864321,5.0,5.0
19020,34.9536817073822,9592,17.099655781705327,5.0,5.0
19030,34.97641134262085,9592,7.004019008186503,5.0,5.0
19040,35.00071406364441,9592,5.0,5.0,5.0
19047,35.013766050338745,9592,14.0,5.0,5.0
19048,35.01516342163086,9592,21.200000000000003,5.0,5.0
19050,35.017629623413086,9592,13.568000000000005,5.0,5.0
19060,35.03542685508728,9592,5.0,5.0,5.0
19063,35.041666746139526,9592,14.0,5.0,5.0
19070,35.05565071105957,9592,5.734400000000001,5.0,5.0
19076,35.06501245498657,9592,14.0,5.0,5.0
19080,35.07186675071716,9592,8.96,5.0,5.0
19085,35.087021350860596,9592,15.7344,5.0,5.0
19090,35.09521460533142,9592,6.4448102400000025,5.0,5.0
19100,35.118444204330444,9592,5.0,5.0,5.0
19107,35.14132857322693,9592,14.0,5.0,5.0
19110,35.14523768424988,9592,17.168,5.0,5.0
19111,35.14668679237366,9592,23.7344,5.0,5.0
19112,35.14808416366577,9592,28.98752,5.0,5.0
19115,35.15448212623596,9592,28.5520128,5.0,5.0
19120,35.1628475189209,9592,18.273288192000003,5.0,5.0
19121,35.16430354118347,9592,24.618630553600003,5.0,5.0
19130,35.17757773399353,9592,5.162901030274337,5.0,5.0
19140,35.194886922836304,9592,5.0,5.0,5.0
19143,35.19873666763306,9592,14.0,5.0,5.0
19150,35.21469473838806,9592,7.168000000000001,5.0,5.0
19153,35.22122836112976,9592,14.587520000000001,5.0,5.0
19160,35.22947883605957,9592,5.975048192000003,5.0,5.0
19170,35.24257755279541,9592,5.0,5.0,5.0
19180,35.258262634277344,9592,5.0,5.0,5.0
19190,35.279130697250366,9592,5.0,5.0,5.0
19192,35.28167915344238,9592,14.0,5.0,5.0
19200,35.30214977264404,9592,5.734400000000001,5.0,5.0
19209,35.32160305976868,9592,14.0,5.0,5.0
19210,35.32242512702942,9592,11.200000000000001,5.0,5.0
19214,35.3299925327301,9592,15.7344,5.0,5.0
19215,35.331379890441895,9592,22.58752,5.0,5.0
19216,35.33272957801819,9592,28.070016000000003,5.0,5.0
19217,35.334054946899414,9592,32.4560128,5.0,5.0
19220,35.34002614021301,9592,25.964810240000006,5.0,5.0
19228,35.357070446014404,9592,26.617478553600005,5.0,5.0
19230,35.35927486419678,9592,17.035186274304007,5.0,5.0
19240,35.377758264541626,9592,5.0,5.0,5.0
19243,35.38400864601135,9592,14.0,5.0,5.0
19244,35.38537907600403,9592,21.200000000000003,5.0,5.0
19250,35.397364139556885,9592,13.568000000000005,5.0,5.0
19256,35.40684700012207,9592,16.946816000000005,5.0,5.0
19260,35.41358017921448,9592,10.845962240000006,5.0,5.0
19262,35.416122913360596,9592,18.676769792000005,5.0,5.0
19270,35.434821128845215,9592,7.650004906803203,5.0,5.0
19279,35.46069860458374,9592,14.0,5.0,5.0
19280,35.461949825286865,9592,11.200000000000001,5.0,5.0
19290,35.4785532951355,9592,7.168000000000001,5.0,5.0
19300,35.49112105369568,9592,14.0,5.0,5.0
19306,35.506956815719604,9592,18.96,5.0,5.0
19310,35.51868438720703,9592,12.134400000000001,5.0,5.0
19318,35.535666704177856,9592,16.212812800000002,5.0,5.0
19320,35.53813672065735,9592,10.376200192000002,5.0,5.0
19322,35.54287815093994,9592,18.300960153600002,5.0,5.0
19326,35.54798698425293,9592,17.49607327891456,5.0,5.0
19330,35.5550320148468,9592,8.957989518804258,5.0,5.0
19335,35.562950134277344,9592,15.733113292034727,5.0,5.0
19337,35.565648555755615,9592,20.069192506902226,5.0,5.0
19338,35.567209005355835,9592,26.05535400552178,5.0,5.0
19340,35.56964707374573,9592,16.675426563533943,5.0,5.0
19350,35.58296823501587,9592,5.0,5.0,5.0
19355,35.59357690811157,9592,14.0,5.0,5.0
19360,35.60144114494324,9592,11.200000000000001,5.0,5.0
19370,35.622594356536865,9592,5.734400000000001,5.0,5.0
19377,35.633920669555664,9592,14.0,5.0,5.0
19380,35.637633085250854,9592,21.200000000000003,5.0,5.0
19382,35.6400682926178,9592,26.960000000000004,5.0,5.0
19385,35.64388132095337,9592,27.254400000000004,5.0,5.0
19388,35.64760184288025,9592,27.442816000000004,5.0,5.0
19390,35.65003037452698,9592,17.563402240000006,5.0,5.0
19392,35.652583360672,9592,24.050721792000004,5.0,5.0
19400,35.667447090148926,9592,7.880940516802564,5.0,5.0
19410,35.694663286209106,9592,5.0,5.0,5.0
19420,35.712153911590576,9592,5.0,5.0,5.0
19421,35.71365928649902,9592,14.0,5.0,5.0
19423,35.71646761894226,9592,18.96,5.0,5.0
19430,35.727885484695435,9592,17.766016,5.0,5.0
19436,35.73808407783508,9592,17.2769601536,5.0,5.0
19437,35.73948669433594,9592,23.821568122880002,5.0,5.0
19438,35.74087643623352,9592,29.057254498304,5.0,5.0
19440,35.74299645423889,9592,23.245803598643203,5.0,5.0
19443,35.74646806716919,9592,24.877314303131648,5.0,5.0
19450,35.75504279136658,9592,12.737184923203404,5.0,5.0
19452,35.757858991622925,9592,18.15179835085018,5.0,5.0
19455,35.76177453994751,9592,21.617150944544115,5.0,5.0
19459,35.76962661743164,9592,21.06798128360659,5.0,5.0
19460,35.7733998298645,9592,21.06798128360659,5.0,5.0
19462,35.77611565589905,9592,23.483508021508218,5.0,5.0
19470,35.78859210014343,9592,7.695075908487815,5.0,5.0
19471,35.790018796920776,9592,16.15606072679025,5.0,5.0
19473,35.79519295692444,9592,22.9248485814322,5.0,5.0
19478,35.80395317077637,9592,21.73752247369329,5.0,5.0
19480,35.81159710884094,9592,21.73752247369329,5.0,5.0
19483,35.815460205078125,9592,23.912014383163708,5.0,5.0
19490,35.83686399459839,9592,12.24295136417982,5.0,5.0
19496,35.84632134437561,9592,15.014712878768055,5.0,5.0
19498,35.85148024559021,9592,22.011770303014444,5.0,5.0
19500,35.85395383834839,9592,14.087532993929244,5.0,5.0
19510,35.87418603897095,9592,5.770253514313421,5.0,5.0
19520,35.90628695487976,9592,5.0,5.0,5.0
19529,35.92216205596924,9592,14.0,5.0,5.0
19530,35.925495624542236,9592,14.0,5.0,5.0
19533,35.92939114570618,9592,21.200000000000003,5.0,5.0
19534,35.93079733848572,9592,26.960000000000004,5.0,5.0
19540,35.94673991203308,9592,17.254400000000004,5.0,5.0
19543,35.95055890083313,9592,18.8342528,5.0,5.0
19545,35.955400705337524,9592,22.053921792000004,5.0,5.0
19547,35.95856785774231,9592,24.114509946880005,5.0,5.0
19550,35.964760065078735,9592,15.433286366003205,5.0,5.0
19552,35.969998836517334,9592,22.346629092802566,5.0,5.0
19554,35.97281503677368,9592,24.301842619393643,5.0,5.0
19558,35.977574586868286,9592,22.44254342112955,5.0,5.0
19560,35.98240947723389,9592,17.95403473690364,5.0,5.0
19565,35.99262619018555,9592,19.192465785294665,5.0,5.0
19570,35.99861526489258,9592,12.283178102588586,5.0,5.0
19580,36.018455505371094,9592,5.031189750820286,5.0,5.0
19590,36.0398690700531,9592,5.0,5.0,5.0
19595,36.0480637550354,9592,14.0,5.0,5.0
19598,36.0519745349884,9592,17.168,5.0,5.0
19599,36.053364276885986,9592,23.7344,5.0,5.0
19600,36.05667281150818,9592,23.7344,5.0,5.0
19610,36.07473707199097,9592,6.221830553600002,5.0,5.0
19620,36.0932879447937,9592,5.0,5.0,5.0
19630,36.12019896507263,9592,5.0,5.0,5.0
19637,36.13392782211304,9592,14.0,5.0,5.0
19640,36.14024639129639,9592,8.96,5.0,5.0
19644,36.14987826347351,9592,17.168,5.0,5.0
19650,36.15898823738098,9592,7.032012800000001,5.0,5.0
19652,36.16147446632385,9592,15.62561024,5.0,5.0
19660,36.180684328079224,9592,8.00031244288,5.0,5.0
19670,36.20232081413269,9592,5.0,5.0,5.0
19680,36.216771364212036,9592,5.0,5.0,5.0
19681,36.218207597732544,9592,14.0,5.0,5.0
19690,36.23566770553589,9592,8.96,5.0,5.0
19700,36.258010387420654,9592,5.734400000000001,5.0,5.0
19710,36.27927231788635,9592,14.0,5.0,5.0
19711,36.28077578544617,9592,21.200000000000003,5.0,5.0
19716,36.29223847389221,9592,20.854400000000005,5.0,5.0
19720,36.29963946342468,9592,10.677452800000005,5.0,5.0
19725,36.30912184715271,9592,15.466855833600004,5.0,5.0
19726,36.31053590774536,9592,22.373484666880003,5.0,5.0
19729,36.31450128555298,9592,21.455224149442564,5.0,5.0
19730,36.31571626663208,9592,17.16417931955405,5.0,5.0
19740,36.336779832839966,9592,5.624358279431473,5.0,5.0
19743,36.35112237930298,9592,14.499486623545177,5.0,5.0
19750,36.368863344192505,9592,7.423737151255132,5.0,5.0
19753,36.38457012176514,9592,15.938989721004106,5.0,5.0
19760,36.39888310432434,9592,8.160762737154103,5.0,5.0
19764,36.40420436859131,9592,14.178310521422901,5.0,5.0
19770,36.414926528930664,9592,14.645948791659858,5.0,5.0
19776,36.42839860916138,9592,17.49872578132985,5.0,5.0
19777,36.42987418174744,9592,23.99898062506388,5.0,5.0
19779,36.43252635002136,9592,25.359347600040884,5.0,5.0
19780,36.43374848365784,9592,20.28747808003271,5.0,5.0
19781,36.43525195121765,9592,26.22998246402617,5.0,5.0
19785,36.440481662750244,9592,26.78718877697675,5.0,5.0
19790,36.44879126548767,9592,13.715040653812096,5.0,5.0
19800,36.47597098350525,9592,5.617680651801436,5.0,5.0
19810,36.498459815979004,9592,5.0,5.0,5.0
19820,36.52287745475769,9592,5.0,5.0,5.0
19825,36.529226541519165,9592,14.0,5.0,5.0
19830,36.537487745285034,9592,8.96,5.0,5.0
19840,36.553102016448975,9592,5.0,5.0,5.0
19844,36.560452938079834,9592,14.0,5.0,5.0
19850,36.569631814956665,9592,5.734400000000001,5.0,5.0
19852,36.57197666168213,9592,14.0,5.0,5.0
19854,36.5745165348053,9592,18.96,5.0,5.0
19860,36.5838086605072,9592,7.766016000000002,5.0,5.0
19863,36.589834213256836,9592,14.970250240000002,5.0,5.0
19867,36.59717273712158,9592,17.66476812288,5.0,5.0
19870,36.60314440727234,9592,24.131814498304003,5.0,5.0
19877,36.61602449417114,9592,19.88439121850532,5.0,5.0
19878,36.61745285987854,9592,25.907512974804256,5.0,5.0
19879,36.61885929107666,9592,30.726010379843405,5.0,5.0
19880,36.62019085884094,9592,34.580808303874726,5.0,5.0
19885,36.626357555389404,9592,24.164299081267092,5.0,5.0
19888,36.630088567733765,9592,25.46515141201094,5.0,5.0
19890,36.63283109664917,9592,26.297696903687005,5.0,5.0
19891,36.63414907455444,9592,31.038157522949604,5.0,5.0
19895,36.63887095451355,9592,25.8915366517502,5.0,5.0
19900,36.64368295669556,9592,16.570583457120133,5.0,5.0
19902,36.646374225616455,9592,23.256466765696107,5.0,5.0
19903,36.64774203300476,9592,28.605173412556887,5.0,5.0
19909,36.6580274105072,9592,19.373343223826645,5.0,5.0
19910,36.65913009643555,9592,19.373343223826645,5.0,5.0
19911,36.66054558753967,9592,25.498674579061316,5.0,5.0
19913,36.66315937042236,9592,26.31915173059924,5.0,5.0
19918,36.6694118976593,9592,23.475405686066814,5.0,5.0
19920,36.67206382751465,9592,25.024259639082764,5.0,5.0
19922,36.67674541473389,9592,30.01940771126621,5.0,5.0
19925,36.68060302734375,9592,25.369936748168303,5.0,5.0
19930,36.68693733215332,9592,8.313220873639793,5.0,5.0
19938,36.706865549087524,9592,14.256369087303575,5.0,5.0
19940,36.70894527435303,9592,9.124076215874288,5.0,5.0
19946,36.73488974571228,9592,14.671527022527636,5.0,5.0
19950,36.744234800338745,9592,9.389777294417689,5.0,5.0
19953,36.748292207717896,9592,17.51182183553415,5.0,5.0
19954,36.7498037815094,9592,24.00945746842732,5.0,5.0
19960,36.7578444480896,9592,17.867419023254264,5.0,5.0
19961,36.75930213928223,9592,24.293935218603412,5.0,5.0
19970,36.773481607437134,9592,9.950795865539959,5.0,5.0
19971,36.77497744560242,9592,17.96063669243197,5.0,5.0
19974,36.781686544418335,9592,21.494807483156464,5.0,5.0
19980,36.7954888343811,9592,11.00534143137611,5.0,5.0
19990,36.81295847892761,9592,14.0,5.0,5.0
19998,36.825719356536865,9592,14.587520000000001,5.0,5.0
19999,36.82716131210327,9592,21.670016000000004,5.0,5.0
20000,36.828362464904785,9592,17.336012800000002,5.0,5.0
20010,36.85157895088196,9592,5.680664674304002,5.0,5.0
20013,36.85805678367615,9592,14.544531739443201,5.0,5.0
20020,36.870842933654785,9592,5.957440200475936,5.0,5.0
20030,36.896706104278564,9592,5.0,5.0,5.0
20040,36.929959297180176,9592,5.0,5.0,5.0
20050,36.94918608665466,9592,5.0,5.0,5.0
20059,36.96870756149292,9592,14.0,5.0,5.0
20060,36.969972372055054,9592,11.200000000000001,5.0,5.0
20061,36.97148776054382,9592,18.96,5.0,5.0
20062,36.97290277481079,9592,25.168,5.0,5.0
20070,36.988014698028564,9592,20.308812800000002,5.0,5.0
20076,36.998218059539795,9592,22.997640192000006,5.0,5.0
20080,37.008631229400635,9592,14.718489722880006,5.0,5.0
20086,37.02112293243408,9592,19.419833422643208,5.0,5.0
20090,37.02909445762634,9592,12.428693390491654,5.0,5.0
20093,37.03306579589844,9592,17.954363769914657,5.0,5.0
20100,37.050750494003296,9592,17.954363769914657,5.0,5.0
20110,37.07268762588501,9592,7.354107400157045,5.0,5.0
20119,37.090439319610596,9592,14.706628736100509,5.0,5.0
20120,37.091843128204346,9592,11.765302988880407,5.0,5.0
20123,37.098145484924316,9592,17.529793912883463,5.0,5.0
20130,37.10966897010803,9592,7.1802035867170675,5.0,5.0
20140,37.126083850860596,9592,5.0,5.0,5.0
20141,37.12743592262268,9592,14.0,5.0,5.0
20149,37.141791343688965,9592,15.7344,5.0,5.0
20150,37.14303946495056,9592,12.587520000000001,5.0,5.0
20160,37.164355993270874,9592,6.4448102400000025,5.0,5.0
20162,37.16701078414917,9592,15.155848192000002,5.0,5.0
20164,37.16961455345154,9592,19.699742842880003,5.0,5.0
20166,37.17454695701599,9592,25.759794274304003,5.0,5.0
20168,37.182432651519775,9592,26.486268335554566,5.0,5.0
20170,37.1848030090332,9592,16.951211734754924,5.0,5.0
20176,37.19243621826172,9592,14.443658448995595,5.0,5.0
20178,37.19728374481201,9592,21.554926759196476,5.0,5.0
20180,37.19941592216492,9592,13.795153125885745,5.0,5.0
20190,37.21403241157532,9592,7.0631184004535035,5.0,5.0
20200,37.23128628730774,9592,5.0,5.0,5.0
20204,37.23646068572998,9592,14.0,5.0,5.0
20206,37.23922395706177,9592,18.96,5.0,5.0
20210,37.244086265563965,9592,12.134400000000001,5.0,5.0
20219,37.26021647453308,9592,16.212812800000002,5.0,5.0
20220,37.2640266418457,9592,16.212812800000002,5.0,5.0
20230,37.2861864566803,9592,6.640768122880002,5.0,5.0
20231,37.287694215774536,9592,15.312614498304,5.0,5.0
20235,37.29538416862488,9592,17.84005862313165,5.0,5.0
20240,37.30135440826416,9592,9.134110015043406,5.0,5.0
20242,37.304232358932495,9592,15.84583040962778,5.0,5.0
20250,37.32348084449768,9592,8.113065169729424,5.0,5.0
20260,37.33739161491394,9592,5.0,5.0,5.0
20265,37.34600853919983,9592,14.0,5.0,5.0
20268,37.351792097091675,9592,21.200000000000003,5.0,5.0
20269,37.353156328201294,9592,26.960000000000004,5.0,5.0
20270,37.35437607765198,9592,21.568000000000005,5.0,5.0
20272,37.357027769088745,9592,27.254400000000004,5.0,5.0
20279,37.37053871154785,9592,18.930721792000003,5.0,5.0
20280,37.37178063392639,9592,15.144577433600004,5.0,5.0
20283,37.37553143501282,9592,22.115661946880003,5.0,5.0
20284,37.376911640167236,9592,27.692529557504002,5.0,5.0
20286,37.37953448295593,9592,27.723218916802562,5.0,5.0
20287,37.3808810710907,9592,32.17857513344205,5.0,5.0
20290,37.38645553588867,9592,32.17857513344205,5.0,5.0
20298,37.399001598358154,9592,16.74833631982483,5.0,5.0
20300,37.40371108055115,9592,13.398669055859864,5.0,5.0
20303,37.41186189651489,9592,20.71893524468789,5.0,5.0
20306,37.418094635009766,9592,23.26011855660025,5.0,5.0
20307,37.419493436813354,9592,28.608094845280203,5.0,5.0
20308,37.42083144187927,9592,32.88647587622417,5.0,5.0
20310,37.423468351364136,9592,31.047344560783472,5.0,5.0
20320,37.442500591278076,9592,19.870300518901423,5.0,5.0
20330,37.462507009506226,9592,5.208880059226897,5.0,5.0
20333,37.46647787094116,9592,14.0,5.0,5.0
20340,37.47951030731201,9592,5.734400000000001,5.0,5.0
20345,37.488192558288574,9592,14.0,5.0,5.0
20350,37.50256109237671,9592,8.96,5.0,5.0
20351,37.5051052570343,9592,17.168,5.0,5.0
20354,37.51114749908447,9592,20.987520000000004,5.0,5.0
20360,37.52730369567871,9592,13.432012800000004,5.0,5.0
20369,37.5389404296875,9592,14.0,5.0,5.0
20370,37.54014730453491,9592,11.200000000000001,5.0,5.0
20380,37.559749603271484,9592,5.734400000000001,5.0,5.0
20390,37.58266639709473,9592,5.0,5.0,5.0
20399,37.60167598724365,9592,14.0,5.0,5.0
20400,37.60290336608887,9592,11.200000000000001,5.0,5.0
20402,37.605741024017334,9592,17.168,5.0,5.0
20403,37.607149839401245,9592,23.7344,5.0,5.0
20410,37.61817502975464,9592,12.152012800000001,5.0,5.0
20420,37.63897085189819,9592,5.0,5.0,5.0
20421,37.64054274559021,9592,14.0,5.0,5.0
20422,37.64195442199707,9592,21.200000000000003,5.0,5.0
20426,37.64723539352417,9592,18.683520000000005,5.0,5.0
20427,37.648640394210815,9592,24.946816000000005,5.0,5.0
20430,37.6546196937561,9592,19.957452800000006,5.0,5.0
20439,37.66832900047302,9592,16.539658133504005,5.0,5.0
20440,37.669824838638306,9592,23.231726506803206,5.0,5.0
20445,37.679046630859375,9592,19.515715177186593,5.0,5.0
20449,37.68940186500549,9592,22.490057713399423,5.0,5.0
20450,37.69305396080017,9592,22.490057713399423,5.0,5.0
20452,37.695786237716675,9592,24.393636936575632,5.0,5.0
20456,37.70098638534546,9592,19.99163368922138,5.0,5.0
20460,37.7087128162384,9592,20.235716448881348,5.0,5.0
20466,37.71604108810425,9592,18.2885494574618,5.0,5.0
20470,37.72415828704834,9592,19.363737322220445,5.0,5.0
20478,37.73589372634888,9592,17.931386807181497,5.0,5.0
20480,37.73829364776611,9592,14.345109445745198,5.0,5.0
20490,37.76629996299744,9592,5.875756828977234,5.0,5.0
20499,37.78278636932373,9592,14.0,5.0,5.0
20500,37.78421092033386,9592,21.200000000000003,5.0,5.0
20501,37.78564929962158,9592,26.960000000000004,5.0,5.0
20502,37.78702926635742,9592,31.568000000000005,5.0,5.0
20510,37.80142259597778,9592,12.930252800000003,5.0,5.0
20520,37.82083702087402,9592,5.0,5.0,5.0
20530,37.8447961807251,9592,5.0,5.0,5.0
20531,37.846288442611694,9592,14.0,5.0,5.0
20540,37.8597366809845,9592,5.0,5.0,5.0
20550,37.87801146507263,9592,5.0,5.0,5.0
20556,37.89000988006592,9592,14.0,5.0,5.0
20558,37.892634868621826,9592,18.96,5.0,5.0
20560,37.89517164230347,9592,12.134400000000001,5.0,5.0
20570,37.911627769470215,9592,5.0,5.0,5.0
20573,37.915382385253906,9592,14.0,5.0,5.0
20580,37.92841100692749,9592,15.7344,5.0,5.0
20581,37.92980337142944,9592,22.58752,5.0,5.0
20590,37.94961762428284,9592,11.564810240000003,5.0,5.0
20600,37.97363257408142,9592,5.0,5.0,5.0
20610,37.99835681915283,9592,5.0,5.0,5.0
20620,38.02423143386841,9592,5.0,5.0,5.0
20630,38.04751992225647,9592,5.0,5.0,5.0
20640,38.06718444824219,9592,5.0,5.0,5.0
20649,38.08515548706055,9592,14.0,5.0,5.0
20650,38.08812856674194,9592,14.0,5.0,5.0
20651,38.08975863456726,9592,21.200000000000003,5.0,5.0
20660,38.10446739196777,9592,5.557452800000004,5.0,5.0
20670,38.12350010871887,9592,5.0,5.0,5.0
20680,38.14070725440979,9592,5.0,5.0,5.0
20688,38.155415773391724,9592,14.0,5.0,5.0
20690,38.15830707550049,9592,18.96,5.0,5.0
20700,38.1831955909729,9592,7.766016000000002,5.0,5.0
20710,38.20858073234558,9592,5.0,5.0,5.0
20719,38.22420001029968,9592,14.0,5.0,5.0
20720,38.22572350502014,9592,21.200000000000003,5.0,5.0
20721,38.22722625732422,9592,26.960000000000004,5.0,5.0
20730,38.240692377090454,9592,13.803520000000004,5.0,5.0
20732,38.24356722831726,9592,18.8342528,5.0,5.0
20735,38.24754977226257,9592,22.053921792000004,5.0,5.0
20736,38.2489960193634,9592,27.643137433600003,5.0,5.0
20740,38.25438737869263,9592,17.691607957504004,5.0,5.0
20741,38.25594091415405,9592,24.153286366003204,5.0,5.0
20750,38.27626085281372,9592,17.91454887641193,5.0,5.0
20753,38.28013515472412,9592,21.465311280903638,5.0,5.0
20760,38.291515827178955,9592,17.033753200526505,5.0,5.0
20762,38.29637598991394,9592,23.627002560421204,5.0,5.0
20763,38.297768354415894,9592,28.901602048336965,5.0,5.0
20770,38.31051063537598,9592,11.838096198998823,5.0,5.0
20780,38.327162742614746,9592,6.061105253887399,5.0,5.0
20782,38.33196830749512,9592,14.848884203109918,5.0,5.0
20788,38.33898687362671,9592,16.082102969593826,5.0,5.0
20790,38.341480016708374,9592,22.865682375675064,5.0,5.0
20793,38.347575664520264,9592,28.292545900540052,5.0,5.0
20799,38.35730528831482,9592,19.270901440688966,5.0,5.0
20800,38.35854935646057,9592,15.416721152551174,5.0,5.0
20810,38.37528157234192,9592,15.051751187267971,5.0,5.0
20815,38.38397407531738,9592,16.165197286304963,5.0,5.0
20817,38.38620448112488,9592,20.34572626323518,5.0,5.0
20818,38.38753390312195,9592,26.276581010588142,5.0,5.0
20820,38.39016246795654,9592,26.817011846776413,5.0,5.0
20821,38.3915536403656,9592,31.453609477421132,5.0,5.0
20822,38.39289855957031,9592,35.16288758193691,5.0,5.0
20825,38.4000608921051,9592,32.50424805243962,5.0,5.0
20827,38.402833223342896,9592,30.80271875356136,5.0,5.0
20830,38.41087102890015,9592,24.64217500284909,5.0,5.0
20835,38.41720271110535,9592,22.61679360145874,5.0,5.0
20840,38.42341327667236,9592,7.4110709273260005,5.0,5.0
20850,38.45095109939575,9592,5.0,5.0,5.0
20860,38.4747371673584,9592,5.0,5.0,5.0
20866,38.48869204521179,9592,14.0,5.0,5.0
20867,38.49022316932678,9592,21.200000000000003,5.0,5.0
20868,38.491694927215576,9592,26.960000000000004,5.0,5.0
20870,38.49439740180969,9592,27.254400000000004,5.0,5.0
20874,38.50283074378967,9592,27.442816000000004,5.0,5.0
20880,38.51665496826172,9592,11.240577433600004,5.0,5.0
20883,38.53354620933533,9592,18.992461946880006,5.0,5.0
20890,38.54719400405884,9592,7.779312413442051,5.0,5.0
20893,38.55341696739197,9592,16.22344993075364,5.0,5.0
20894,38.554805517196655,9592,22.978759944602913,5.0,5.0
20900,38.56682062149048,9592,14.706406364545865,5.0,5.0
20908,38.58000659942627,9592,16.023744046917987,5.0,5.0
20910,38.585105657577515,9592,16.023744046917987,5.0,5.0
20920,38.60852241516113,9592,5.250660449294086,5.0,5.0
20930,38.62860369682312,9592,14.0,5.0,5.0
20937,38.639564514160156,9592,17.168,5.0,5.0
20938,38.64107275009155,9592,23.7344,5.0,5.0
20940,38.64370679855347,9592,15.190016,5.0,5.0
20950,38.66336941719055,9592,6.221830553600002,5.0,5.0
20960,38.680747747421265,9592,5.0,5.0,5.0
20962,38.68355083465576,9592,14.0,5.0,5.0
20968,38.6955680847168,9592,21.200000000000003,5.0,5.0
20970,38.700270652770996,9592,16.960000000000004,5.0,5.0
20980,38.71923899650574,9592,6.9468160000000045,5.0,5.0
20985,38.736940145492554,9592,14.445962240000004,5.0,5.0
20986,38.7386531829834,9592,21.556769792000004,5.0,5.0
20990,38.74355483055115,9592,23.796332666880005,5.0,5.0
20999,38.75758409500122,9592,16.238065830626596,5.0,5.0
21000,38.75887322425842,9592,12.990452664501277,5.0,5.0
21010,38.78236269950867,9592,5.0,5.0,5.0
21020,38.810102701187134,9592,5.0,5.0,5.0
21024,38.82265782356262,9592,14.0,5.0,5.0
21030,38.832183599472046,9592,7.168000000000001,5.0,5.0
21036,38.83962273597717,9592,14.587520000000001,5.0,5.0
21037,38.84107184410095,9592,21.670016000000004,5.0,5.0
21040,38.84500980377197,9592,21.095048192,5.0,5.0
21047,38.85841679573059,9592,16.912425391554564,5.0,5.0
21050,38.864598512649536,9592,10.823952250594921,5.0,5.0
21057,38.8803768157959,9592,18.659161800475935,5.0,5.0
21058,38.881834745407104,9592,24.92732944038075,5.0,5.0
21060,38.884278535842896,9592,19.9418635523046,5.0,5.0
21066,38.89558219909668,9592,16.534549848819175,5.0,5.0
21067,38.89799880981445,9592,23.22763987905534,5.0,5.0
21070,38.902093172073364,9592,14.865689522595417,5.0,5.0
21080,38.930795669555664,9592,6.088986428455084,5.0,5.0
21090,38.947726011276245,9592,5.0,5.0,5.0
21100,38.970069885253906,9592,5.0,5.0,5.0
21109,38.99434185028076,9592,14.0,5.0,5.0
21110,38.997641801834106,9592,14.0,5.0,5.0
21111,38.999080419540405,9592,21.200000000000003,5.0,5.0
21120,39.019168853759766,9592,10.854400000000005,5.0,5.0
21130,39.035478353500366,9592,5.0,5.0,5.0
21136,39.04717206954956,9592,14.0,5.0,5.0
21139,39.05112433433533,9592,18.96,5.0,5.0
21140,39.05238223075867,9592,15.168000000000001,5.0,5.0
21150,39.07582211494446,9592,5.0,5.0,5.0
21155,39.084171533584595,9592,14.0,5.0,5.0
21156,39.085612058639526,9592,21.200000000000003,5.0,5.0
21159,39.08948612213135,9592,23.568000000000005,5.0,5.0
21160,39.09350275993347,9592,23.568000000000005,5.0,5.0
21162,39.09629249572754,9592,25.083520000000007,5.0,5.0
21169,39.10957622528076,9592,20.274209792000008,5.0,5.0
21170,39.11303901672363,9592,20.274209792000008,5.0,5.0
21171,39.11459159851074,9592,26.219367833600007,5.0,5.0
21180,39.127652168273926,9592,8.591562451714053,5.0,5.0
21181,39.12917399406433,9592,16.873249961371243,5.0,5.0
21182,39.130592823028564,9592,23.498599969096993,5.0,5.0
21186,39.13750696182251,9592,25.03910398022208,5.0,5.0
21187,39.13895845413208,9592,30.031283184177667,5.0,5.0
21189,39.14161133766174,9592,29.22002123787371,5.0,5.0
21190,39.142820596694946,9592,23.376016990298968,5.0,5.0
21194,39.148006439208984,9592,19.57481655922646,5.0,5.0
21200,39.16033363342285,9592,10.022306078323949,5.0,5.0
21210,39.1890082359314,9592,6.414275890127327,5.0,5.0
21220,39.21034550666809,9592,5.0,5.0,5.0
21230,39.23195552825928,9592,5.0,5.0,5.0
21240,39.25527620315552,9592,5.0,5.0,5.0
21250,39.283336877822876,9592,5.0,5.0,5.0
21260,39.30535173416138,9592,5.0,5.0,5.0
21270,39.32440495491028,9592,5.0,5.0,5.0
21276,39.33650326728821,9592,14.0,5.0,5.0
21280,39.346015214920044,9592,8.96,5.0,5.0
21290,39.373384952545166,9592,5.734400000000001,5.0,5.0
21297,39.392624855041504,9592,14.0,5.0,5.0
21300,39.398871660232544,9592,8.96,5.0,5.0
21305,39.40802073478699,9592,15.7344,5.0,5.0
21310,39.41618299484253,9592,8.056012800000003,5.0,5.0
21320,39.44532561302185,9592,5.155848192000002,5.0,5.0
21330,39.47594928741455,9592,5.0,5.0,5.0
21333,39.48466157913208,9592,14.0,5.0,5.0
21335,39.48707342147827,9592,18.96,5.0,5.0
21340,39.493170976638794,9592,12.134400000000001,5.0,5.0
21341,39.49484181404114,9592,19.707520000000002,5.0,5.0
21350,39.50794219970703,9592,8.072200192000002,5.0,5.0
21360,39.53529167175293,9592,6.457760153600002,5.0,5.0
21370,39.56089210510254,9592,6.457760153600002,5.0,5.0
21380,39.58244228363037,9592,5.0,5.0,5.0
21390,39.60201859474182,9592,5.0,5.0,5.0
21392,39.60781002044678,9592,14.0,5.0,5.0
21400,39.62977695465088,9592,7.168000000000001,5.0,5.0
21405,39.638692140579224,9592,14.587520000000001,5.0,5.0
21410,39.64771580696106,9592,9.336012800000002,5.0,5.0
21413,39.65179514884949,9592,15.975048192000003,5.0,5.0
21420,39.666452169418335,9592,16.543379739443203,5.0,5.0
21421,39.66799259185791,9592,23.234703791554566,5.0,5.0
21430,39.68075895309448,9592,6.090838190733281,5.0,5.0
21434,39.6937198638916,9592,14.872670552586627,5.0,5.0
21440,39.70381760597229,9592,6.091845858339483,5.0,5.0
21446,39.71441125869751,9592,14.0,5.0,5.0
21450,39.72213053703308,9592,8.96,5.0,5.0
21459,39.739954471588135,9592,14.587520000000001,5.0,5.0
21460,39.74075388908386,9592,14.587520000000001,5.0,5.0
21464,39.74604678153992,9592,19.336012800000002,5.0,5.0
21470,39.75652623176575,9592,9.900038553600004,5.0,5.0
21480,39.77933931350708,9592,5.068819739443203,5.0,5.0
21485,39.797643184661865,9592,14.055055791554562,5.0,5.0
21490,39.803736209869385,9592,11.24404463324365,5.0,5.0
21500,39.82473278045654,9592,5.0,5.0,5.0
21510,39.84609842300415,9592,5.0,5.0,5.0
21520,39.87423825263977,9592,5.0,5.0,5.0
21530,39.90173840522766,9592,5.0,5.0,5.0
21540,39.91894483566284,9592,5.0,5.0,5.0
21549,39.93809914588928,9592,14.0,5.0,5.0
21550,39.939412117004395,9592,11.200000000000001,5.0,5.0
21560,39.95935606956482,9592,5.0,5.0,5.0
21570,39.98214030265808,9592,5.0,5.0,5.0
21580,40.00883102416992,9592,5.0,5.0,5.0
21590,40.040502309799194,9592,5.0,5.0,5.0
21596,40.058077335357666,9592,14.0,5.0,5.0
21600,40.06796646118164,9592,11.200000000000001,5.0,5.0
21610,40.091798305511475,9592,7.168000000000001,5.0,5.0
21620,40.10847759246826,9592,5.0,5.0,5.0
21630,40.13332557678223,9592,5.0,5.0,5.0
21640,40.15848135948181,9592,5.0,5.0,5.0
21642,40.16394281387329,9592,14.0,5.0,5.0
21643,40.165470123291016,9592,21.200000000000003,5.0,5.0
21647,40.17569875717163,9592,23.568000000000005,5.0,5.0
21648,40.177175760269165,9592,28.854400000000005,5.0,5.0
21650,40.179327726364136,9592,18.466816000000005,5.0,5.0
21652,40.181525468826294,9592,24.773452800000005,5.0,5.0
21660,40.19981265068054,9592,8.117765013504004,5.0,5.0
21662,40.202210664749146,9592,16.494212010803203,5.0,5.0
21664,40.20497727394104,9592,20.55629568691405,5.0,5.0
21670,40.21255874633789,9592,8.419858713359998,5.0,5.0
21671,40.21408438682556,9592,16.735886970688,5.0,5.0
21677,40.2251935005188,9592,15.484015442555044,5.0,5.0
21680,40.229222774505615,9592,9.90976988323523,5.0,5.0
21690,40.24855828285217,9592,5.073802180216439,5.0,5.0
21700,40.27357602119446,9592,5.0,5.0,5.0
21705,40.280295610427856,9592,14.0,5.0,5.0
21707,40.28543758392334,9592,21.200000000000003,5.0,5.0
21710,40.28933024406433,9592,13.568000000000005,5.0,5.0
21720,40.30806374549866,9592,5.557452800000004,5.0,5.0
21730,40.327638387680054,9592,5.0,5.0,5.0
21740,40.351168632507324,9592,5.0,5.0,5.0
21750,40.37134408950806,9592,5.0,5.0,5.0
21760,40.39561223983765,9592,5.0,5.0,5.0
21770,40.42126679420471,9592,14.0,5.0,5.0
21772,40.42396807670593,9592,18.96,5.0,5.0
21780,40.436551570892334,9592,6.212812800000002,5.0,5.0
21788,40.448694944381714,9592,14.0,5.0,5.0
21789,40.450225830078125,9592,21.200000000000003,5.0,5.0
21790,40.451741456985474,9592,26.960000000000004,5.0,5.0
21800,40.474900007247925,9592,7.067402240000003,5.0,5.0
21809,40.48968315124512,9592,14.0,5.0,5.0
21810,40.491790771484375,9592,21.200000000000003,5.0,5.0
21811,40.49335217475891,9592,26.960000000000004,5.0,5.0
21812,40.49487781524658,9592,31.568000000000005,5.0,5.0
21815,40.50140404701233,9592,30.203520000000005,5.0,5.0
21820,40.514171838760376,9592,19.330252800000007,5.0,5.0
21823,40.51807904243469,9592,25.464202240000006,5.0,5.0
21827,40.52976703643799,9592,26.297089433600004,5.0,5.0
21830,40.534003257751465,9592,13.464109790003205,5.0,5.0
21835,40.543325662612915,9592,15.514899369985315,5.0,5.0
21840,40.552621841430664,9592,7.943628477432482,5.0,5.0
21850,40.57277870178223,9592,5.0,5.0,5.0
21860,40.589601039886475,9592,14.0,5.0,5.0
21865,40.59825849533081,9592,15.7344,5.0,5.0
21870,40.60450267791748,9592,8.056012800000003,5.0,5.0
21875,40.61318516731262,9592,15.155848192000002,5.0,5.0
21880,40.62150311470032,9592,9.699742842880003,5.0,5.0
21885,40.63545799255371,9592,16.207835419443203,5.0,5.0
21890,40.64670157432556,9592,10.373014668443652,5.0,5.0
21900,40.6676070690155,9592,5.0,5.0,5.0
21910,40.68987727165222,9592,5.0,5.0,5.0
21916,40.70221161842346,9592,14.0,5.0,5.0
21920,40.70718169212341,9592,8.96,5.0,5.0
21930,40.72938013076782,9592,5.0,5.0,5.0
21938,40.749980449676514,9592,14.0,5.0,5.0
21940,40.75278687477112,9592,18.96,5.0,5.0
21945,40.759411096572876,9592,17.766016,5.0,5.0
21947,40.762067794799805,9592,24.212812800000002,5.0,5.0
21949,40.76475429534912,9592,25.496200192000003,5.0,5.0
21950,40.76600885391235,9592,20.396960153600006,5.0,5.0
21956,40.77614450454712,9592,18.354594878914565,5.0,5.0
21960,40.78368616104126,9592,11.746940722505322,5.0,5.0
21963,40.78994035720825,9592,19.39755257800426,5.0,5.0
21965,40.792722940444946,9592,22.414433649922728,5.0,5.0
21968,40.79659104347229,9592,24.345237535950545,5.0,5.0
21969,40.79797840118408,9592,29.47619002876044,5.0,5.0
21970,40.79920411109924,9592,23.58095202300835,5.0,5.0
21975,40.80523610115051,9592,19.65875794862422,5.0,5.0
21980,40.81676411628723,9592,20.0652840696956,5.0,5.0
21986,40.82968473434448,9592,18.21874035494732,5.0,5.0
21990,40.837488889694214,9592,11.659993827166288,5.0,5.0
22000,40.85570669174194,9592,5.0,5.0,5.0
22010,40.88408708572388,9592,14.0,5.0,5.0
22012,40.88715362548828,9592,18.96,5.0,5.0
22019,40.90130305290222,9592,19.707520000000002,5.0,5.0
22020,40.904961824417114,9592,19.707520000000002,5.0,5.0
22022,40.90785002708435,9592,25.766016,5.0,5.0
22030,40.922780990600586,9592,6.754406498304002,5.0,5.0
22034,40.930532932281494,9592,14.322820158914562,5.0,5.0
22037,40.93465042114258,9592,19.16660490170532,5.0,5.0
22040,40.941731691360474,9592,12.266627137091405,5.0,5.0
22050,40.961015939712524,9592,6.280513094190801,5.0,5.0
22060,40.97834515571594,9592,5.0,5.0,5.0
22070,41.00485825538635,9592,5.0,5.0,5.0
22080,41.02580380439758,9592,5.0,5.0,5.0
22090,41.048593282699585,9592,5.0,5.0,5.0
22097,41.06057548522949,9592,14.0,5.0,5.0
22100,41.06402277946472,9592,7.168000000000001,5.0,5.0
22102,41.066717863082886,9592,15.7344,5.0,5.0
22110,41.08201861381531,9592,15.155848192000002,5.0,5.0
22114,41.087671756744385,9592,16.207835419443203,5.0,5.0
22118,41.09498929977417,9592,22.966268335554563,5.0,5.0
22119,41.096400022506714,9592,28.373014668443652,5.0,5.0
22120,41.09769320487976,9592,22.698411734754924,5.0,5.0
22122,41.100435972213745,9592,24.526983510243156,5.0,5.0
22130,41.11494708061218,9592,12.557815557244497,5.0,5.0
22140,41.131906032562256,9592,5.143681252247347,5.0,5.0
22150,41.14923858642578,9592,5.0,5.0,5.0
22159,41.171607971191406,9592,14.0,5.0,5.0
22160,41.17287302017212,9592,11.200000000000001,5.0,5.0
22170,41.19632005691528,9592,5.0,5.0,5.0
22180,41.2157678604126,9592,5.0,5.0,5.0
22190,41.232465744018555,9592,5.0,5.0,5.0
22200,41.25754404067993,9592,5.0,5.0,5.0
22210,41.27715444564819,9592,5.0,5.0,5.0
22215,41.28571820259094,9592,14.0,5.0,5.0
22220,41.29201030731201,9592,8.96,5.0,5.0
22230,41.31177568435669,9592,5.0,5.0,5.0
22240,41.33301401138306,9592,5.0,5.0,5.0
22250,41.35414242744446,9592,5.0,5.0,5.0
22260,41.3684344291687,9592,5.0,5.0,5.0
22270,41.391273021698,9592,14.0,5.0,5.0
22278,41.40364623069763,9592,15.7344,5.0,5.0
22279,41.405041456222534,9592,22.58752,5.0,5.0
22280,41.4084529876709,9592,22.58752,5.0,5.0
22287,41.422282218933105,9592,19.251848192000004,5.0,5.0
22290,41.42861580848694,9592,12.321182842880004,5.0,5.0
22300,41.440298318862915,9592,5.046756492443651,5.0,5.0
22309,41.45416188240051,9592,14.0,5.0,5.0
22310,41.455365896224976,9592,14.0,5.0,5.0
22318,41.46986508369446,9592,14.587520000000001,5.0,5.0
22320,41.47224760055542,9592,14.587520000000001,5.0,5.0
22329,41.49160027503967,9592,14.0,5.0,5.0
22330,41.49517774581909,9592,14.0,5.0,5.0
22340,41.51387596130371,9592,5.734400000000001,5.0,5.0
22350,41.5372154712677,9592,5.0,5.0,5.0
22351,41.53882551193237,9592,14.0,5.0,5.0
22360,41.557671308517456,9592,15.7344,5.0,5.0
22364,41.56575560569763,9592,20.070016000000003,5.0,5.0
22370,41.575576305389404,9592,6.576542842880001,5.0,5.0
22378,41.592291831970215,9592,14.2089874194432,5.0,5.0
22380,41.594911336898804,9592,9.09375194844365,5.0,5.0
22390,41.617084980010986,9592,5.0,5.0,5.0
22398,41.637561559677124,9592,14.0,5.0,5.0
22399,41.63976287841797,9592,21.200000000000003,5.0,5.0
22400,41.6411714553833,9592,16.960000000000004,5.0,5.0
22401,41.6463942527771,9592,23.568000000000005,5.0,5.0
22410,41.66106414794922,9592,15.083520000000005,5.0,5.0
22414,41.67206120491028,9592,19.653452800000004,5.0,5.0
22420,41.68626952171326,9592,12.578209792000003,5.0,5.0
22427,41.69771218299866,9592,15.152034730803202,5.0,5.0
22428,41.69919681549072,9592,22.121627784642563,5.0,5.0
22430,41.70182466506958,9592,14.157841782171241,5.0,5.0
22436,41.70916271209717,9592,15.79905199397734,5.0,5.0
22438,41.71462607383728,9592,20.1113932761455,5.0,5.0
22440,41.71835470199585,9592,12.871291696733122,5.0,5.0
22446,41.73765850067139,9592,20.297033357386496,5.0,5.0
22447,41.739128828048706,9592,26.2376266859092,5.0,5.0
22450,41.74782943725586,9592,20.99010134872736,5.0,5.0
22452,41.75062322616577,9592,26.79208107898189,5.0,5.0
22460,41.760544300079346,9592,7.0233833023686305,5.0,5.0
22470,41.785057067871094,9592,5.0,5.0,5.0
22480,41.81519603729248,9592,5.0,5.0,5.0
22490,41.84382748603821,9592,5.0,5.0,5.0
22496,41.85633087158203,9592,14.0,5.0,5.0
22500,41.861706495285034,9592,5.734400000000001,5.0,5.0
22505,41.874483823776245,9592,14.0,5.0,5.0
22508,41.88153600692749,9592,18.96,5.0,5.0
22510,41.88626432418823,9592,15.168000000000001,5.0,5.0
22520,41.90678119659424,9592,7.766016000000002,5.0,5.0
22530,41.9360785484314,9592,5.0,5.0,5.0
22540,41.95623183250427,9592,5.0,5.0,5.0
22550,41.97368311882019,9592,5.0,5.0,5.0
22560,42.00002074241638,9592,5.0,5.0,5.0
22565,42.00830364227295,9592,14.0,5.0,5.0
22566,42.00979971885681,9592,21.200000000000003,5.0,5.0
22568,42.012550830841064,9592,23.568000000000005,5.0,5.0
22570,42.01514720916748,9592,15.083520000000005,5.0,5.0
22577,42.0273232460022,9592,16.178209792000004,5.0,5.0
22580,42.03115153312683,9592,8.283243413504003,5.0,5.0
22588,42.043800354003906,9592,15.301275784642563,5.0,5.0
22589,42.04525375366211,9592,22.24102062771405,5.0,5.0
22590,42.04656362533569,9592,17.79281650217124,5.0,5.0
22600,42.06213402748108,9592,5.0,5.0,5.0
22610,42.08253073692322,9592,5.0,5.0,5.0
22620,42.099716901779175,9592,5.0,5.0,5.0
22630,42.12103867530823,9592,5.0,5.0,5.0
22635,42.13421630859375,9592,14.0,5.0,5.0
22638,42.14074635505676,9592,18.96,5.0,5.0
22639,42.14214372634888,9592,25.168,5.0,5.0
22640,42.145609855651855,9592,25.168,5.0,5.0
22645,42.15436887741089,9592,26.10752,5.0,5.0
22647,42.159528732299805,9592,30.886016,5.0,5.0
22650,42.16375374794006,9592,25.813640192,5.0,5.0
22657,42.17564535140991,9592,18.458613618114562,5.0,5.0
22658,42.17711019515991,9592,24.766890894491652,5.0,5.0
22660,42.17982029914856,9592,25.85081017247466,5.0,5.0
22670,42.199440002441406,9592,8.4707934773165,5.0,5.0
22680,42.221638917922974,9592,5.0,5.0,5.0
22690,42.24874401092529,9592,5.0,5.0,5.0
22694,42.25404453277588,9592,14.0,5.0,5.0
22696,42.25691556930542,9592,18.96,5.0,5.0
22699,42.26567077636719,9592,25.168,5.0,5.0
22700,42.2669415473938,9592,20.1344,5.0,5.0
22710,42.28923845291138,9592,10.308812800000002,5.0,5.0
22720,42.312018156051636,9592,5.278112153600002,5.0,5.0
22721,42.31352996826172,9592,14.222489722880002,5.0,5.0
22730,42.32782292366028,9592,5.82553179049165,5.0,5.0
22738,42.34055471420288,9592,14.0,5.0,5.0
22740,42.34545969963074,9592,11.200000000000001,5.0,5.0
22750,42.3699951171875,9592,7.168000000000001,5.0,5.0
22760,42.3895206451416,9592,5.0,5.0,5.0
22770,42.40482711791992,9592,5.0,5.0,5.0
22780,42.42912268638611,9592,5.0,5.0,5.0
22789,42.45330595970154,9592,14.0,5.0,5.0
22790,42.45450305938721,9592,14.0,5.0,5.0
22792,42.4576313495636,9592,18.96,5.0,5.0
22800,42.46783900260925,9592,9.707520000000002,5.0,5.0
22810,42.48512268066406,9592,5.0,5.0,5.0
22820,42.50087594985962,9592,5.0,5.0,5.0
22830,42.52143120765686,9592,5.0,5.0,5.0
22840,42.549702644348145,9592,5.0,5.0,5.0
22850,42.572877168655396,9592,5.0,5.0,5.0
22853,42.57916474342346,9592,14.0,5.0,5.0
22859,42.588850259780884,9592,21.200000000000003,5.0,5.0
22860,42.59009408950806,9592,16.960000000000004,5.0,5.0
22862,42.59568524360657,9592,20.854400000000005,5.0,5.0
22870,42.618284702301025,9592,10.677452800000005,5.0,5.0
22880,42.6346914768219,9592,5.0,5.0,5.0
22887,42.64767789840698,9592,14.0,5.0,5.0
22888,42.64914345741272,9592,21.200000000000003,5.0,5.0
22890,42.651655197143555,9592,13.568000000000005,5.0,5.0
22892,42.654383420944214,9592,18.683520000000005,5.0,5.0
22900,42.671987533569336,9592,7.652769792000004,5.0,5.0
22910,42.69732165336609,9592,14.0,5.0,5.0
22918,42.71913003921509,9592,14.587520000000001,5.0,5.0
22920,42.72435641288757,9592,14.587520000000001,5.0,5.0
22928,42.74913811683655,9592,17.468810240000003,5.0,5.0
22930,42.75179409980774,9592,11.180038553600003,5.0,5.0
22931,42.753320932388306,9592,18.944030842880004,5.0,5.0
22933,42.75854802131653,9592,25.155224674304,5.0,5.0
22938,42.7677047252655,9592,20.303580026594922,5.0,5.0
22939,42.769202709198,9592,26.24286402127594,5.0,5.0
22940,42.77053642272949,9592,20.994291217020752,5.0,5.0
22941,42.77203130722046,9592,26.795432973616602,5.0,5.0
22946,42.78106498718262,9592,23.719261682491705,5.0,5.0
22950,42.785977363586426,9592,9.715409585148606,5.0,5.0
22954,42.79332089424133,9592,16.217862134495107,5.0,5.0
22957,42.8028507232666,9592,20.37943176607687,5.0,5.0
22960,42.806406021118164,9592,13.042836330289198,5.0,5.0
22970,42.82351493835449,9592,5.0,5.0,5.0
22980,42.848960876464844,9592,5.0,5.0,5.0
22988,42.86558198928833,9592,14.0,5.0,5.0
22990,42.86810088157654,9592,14.0,5.0,5.0
22994,42.87590718269348,9592,18.96,5.0,5.0
23000,42.886340856552124,9592,16.212812800000002,5.0,5.0
23010,42.90144681930542,9592,5.0,5.0,5.0
23020,42.9185311794281,9592,5.0,5.0,5.0
23027,42.92989897727966,9592,14.0,5.0,5.0
23030,42.93360996246338,9592,11.200000000000001,5.0,5.0
23031,42.93514347076416,9592,18.96,5.0,5.0
23033,42.93789267539978,9592,22.1344,5.0,5.0
23035,42.940672159194946,9592,24.166016,5.0,5.0
23036,42.942025899887085,9592,29.3328128,5.0,5.0
23038,42.94473171234131,9592,28.773000192,5.0,5.0
23040,42.94726061820984,9592,18.414720122880002,5.0,5.0
23049,42.96296262741089,9592,17.54266936233165,5.0,5.0
23050,42.963807344436646,9592,14.03413548986532,5.0,5.0
23060,42.97607350349426,9592,5.0,5.0,5.0
23061,42.977635860443115,9592,14.0,5.0,5.0
23062,42.979026794433594,9592,21.200000000000003,5.0,5.0
23065,42.98294115066528,9592,20.854400000000005,5.0,5.0
23070,42.99164032936096,9592,10.677452800000005,5.0,5.0
23071,42.99316072463989,9592,18.541962240000004,5.0,5.0
23074,42.99712371826172,9592,21.866855833600006,5.0,5.0
23076,42.99985361099243,9592,23.994787733504005,5.0,5.0
23080,43.00737452507019,9592,12.285331319554052,5.0,5.0
23090,43.02800369262695,9592,7.862612044514595,5.0,5.0
23093,43.03205990791321,9592,15.03207170848934,5.0,5.0
23095,43.034701347351074,9592,22.02565736679147,5.0,5.0
23098,43.038790225982666,9592,24.096420714746543,5.0,5.0
23100,43.041332960128784,9592,15.42170925743779,5.0,5.0
23104,43.05120038986206,9592,22.337367405950232,5.0,5.0
23108,43.058931827545166,9592,24.29591513980815,5.0,5.0
23110,43.06152415275574,9592,15.54938568947722,5.0,5.0
23112,43.064207315444946,9592,22.439508551581774,5.0,5.0
23120,43.08098840713501,9592,11.48902837840987,5.0,5.0
23130,43.107120752334595,9592,5.882382529745854,5.0,5.0
23140,43.13693308830261,9592,5.0,5.0,5.0
23150,43.15129613876343,9592,5.0,5.0,5.0
23160,43.17532730102539,9592,5.0,5.0,5.0
23170,43.19711375236511,9592,5.0,5.0,5.0
23178,43.21634078025818,9592,14.0,5.0,5.0
23180,43.21894574165344,9592,14.0,5.0,5.0
23190,43.23536252975464,9592,5.0,5.0,5.0
23196,43.25225114822388,9592,14.0,5.0,5.0
23200,43.25959825515747,9592,7.168000000000001,5.0,5.0
23210,43.28247952461243,9592,5.0,5.0,5.0
23219,43.29812502861023,9592,14.0,5.0,5.0
23220,43.299561500549316,9592,11.200000000000001,5.0,5.0
23229,43.31628775596619,9592,14.587520000000001,5.0,5.0
23230,43.32004141807556,9592,14.587520000000001,5.0,5.0
23240,43.344733238220215,9592,5.0,5.0,5.0
23248,43.35920548439026,9592,14.0,5.0,5.0
23250,43.36165428161621,9592,14.0,5.0,5.0
23251,43.36320757865906,9592,21.200000000000003,5.0,5.0
23260,43.382566690444946,9592,18.683520000000005,5.0,5.0
23263,43.38659691810608,9592,21.957452800000006,5.0,5.0
23267,43.39206624031067,9592,18.993772666880005,5.0,5.0
23270,43.39622712135315,9592,9.724811605442564,5.0,5.0
23279,43.41537165641785,9592,14.0,5.0,5.0
23280,43.41666793823242,9592,11.200000000000001,5.0,5.0
23281,43.41817283630371,9592,18.96,5.0,5.0
23289,43.42845892906189,9592,16.212812800000002,5.0,5.0
23290,43.42974281311035,9592,12.970250240000002,5.0,5.0
23291,43.43122744560242,9592,20.376200192000002,5.0,5.0
23300,43.44905996322632,9592,6.676873278914563,5.0,5.0
23309,43.465754985809326,9592,14.0,5.0,5.0
23310,43.46690130233765,9592,14.0,5.0,5.0
23318,43.478821754455566,9592,15.7344,5.0,5.0
23319,43.480241537094116,9592,22.58752,5.0,5.0
23320,43.481698989868164,9592,28.070016000000003,5.0,5.0
23327,43.4929313659668,9592,11.497478553600002,5.0,14.0
23330,43.49904203414917,9592,7.358386274304002,5.0,14.0
23340,43.51071095466614,9592,5.0,5.0,5.0
23350,43.53248643875122,9592,5.0,5.0,5.0
23353,43.53976368904114,9592,14.0,5.0,5.0
23356,43.54610896110535,9592,18.96,5.0,5.0
23360,43.557026624679565,9592,12.134400000000001,5.0,5.0
23361,43.55983901023865,9592,19.707520000000002,5.0,5.0
23370,43.58301854133606,9592,12.612812800000002,5.0,5.0
23374,43.59215712547302,9592,18.072200192000004,5.0,5.0
23380,43.60484838485718,9592,11.566208122880004,5.0,5.0
23389,43.624380588531494,9592,14.0,5.0,5.0
23390,43.625725507736206,9592,11.200000000000001,5.0,5.0
23400,43.65291953086853,9592,5.734400000000001,5.0,5.0
23410,43.67337512969971,9592,5.0,5.0,5.0
23420,43.69789719581604,9592,5.0,5.0,5.0
23430,43.72181296348572,9592,5.0,5.0,5.0
23433,43.72603988647461,9592,14.0,5.0,5.0
23434,43.72752857208252,9592,21.200000000000003,5.0,5.0
23435,43.72908139228821,9592,26.960000000000004,5.0,5.0
23440,43.73795700073242,9592,13.803520000000004,5.0,5.0
23450,43.76196050643921,9592,5.0,5.0,5.0
23456,43.76966214179993,9592,14.0,5.0,5.0
23457,43.771255016326904,9592,21.200000000000003,5.0,5.0
23460,43.77695822715759,9592,21.200000000000003,5.0,5.0
23470,43.79676651954651,9592,5.0,5.0,5.0
23475,43.805915117263794,9592,14.0,5.0,5.0
23478,43.80972623825073,9592,18.96,5.0,5.0
23480,43.81453585624695,9592,15.168000000000001,5.0,5.0
23490,43.83298635482788,9592,5.0,5.0,5.0
23493,43.839903593063354,9592,14.0,5.0,5.0
23500,43.859686851501465,9592,7.168000000000001,5.0,5.0
23510,43.8888635635376,9592,5.0,5.0,5.0
23520,43.90849232673645,9592,5.0,5.0,5.0
23530,43.92577934265137,9592,5.0,5.0,5.0
23540,43.952537298202515,9592,5.0,5.0,5.0
23544,43.96259570121765,9592,14.0,5.0,5.0
23547,43.966684341430664,9592,18.96,5.0,5.0
23550,43.970706939697266,9592,9.707520000000002,5.0,5.0
23560,43.99298930168152,9592,5.0,5.0,5.0
23570,44.01223278045654,9592,5.0,5.0,5.0
23572,44.01495170593262,9592,14.0,5.0,5.0
23580,44.035669803619385,9592,5.0,5.0,5.0
23590,44.05746865272522,9592,5.0,5.0,5.0
23592,44.060335874557495,9592,14.0,5.0,5.0
23600,44.073378562927246,9592,5.734400000000001,5.0,5.0
23610,44.10218548774719,9592,5.0,5.0,5.0
23620,44.12315893173218,9592,14.0,5.0,5.0
23629,44.1433584690094,9592,14.587520000000001,5.0,5.0
23630,44.1447434425354,9592,11.670016000000002,5.0,5.0
23631,44.14633083343506,9592,19.336012800000002,5.0,5.0
23639,44.16023826599121,9592,16.336024674304003,5.0,5.0
23640,44.16148805618286,9592,16.336024674304003,5.0,5.0
23649,44.180726528167725,9592,16.69123570659492,5.0,5.0
23650,44.18454718589783,9592,16.69123570659492,5.0,5.0
23651,44.18617081642151,9592,23.352988565275936,5.0,5.0
23658,44.19809627532959,9592,19.565384116337025,5.0,5.0
23660,44.20037603378296,9592,12.521845834455696,5.0,5.0
23670,44.2154700756073,9592,5.0,5.0,5.0
23680,44.23854970932007,9592,5.0,5.0,5.0
23688,44.251245737075806,9592,14.0,5.0,5.0
23690,44.25383806228638,9592,11.200000000000001,5.0,5.0
23693,44.26112699508667,9592,18.96,5.0,5.0
23700,44.27489638328552,9592,7.766016000000002,5.0,5.0
23710,44.291502714157104,9592,5.0,5.0,5.0
23720,44.3134880065918,9592,5.0,5.0,5.0
23730,44.33618640899658,9592,5.0,5.0,5.0
23740,44.35386371612549,9592,5.0,5.0,5.0
23750,44.376391887664795,9592,5.0,5.0,5.0
23754,44.38153624534607,9592,14.0,5.0,5.0
23757,44.38833403587341,9592,18.96,5.0,5.0
23760,44.39248180389404,9592,9.707520000000002,5.0,5.0
23763,44.40125131607056,9592,17.766016,5.0,5.0
23770,44.4142746925354,9592,11.370250240000003,5.0,5.0
23775,44.42090702056885,9592,15.821568122880002,5.0,5.0
23780,44.4298620223999,9592,10.125803598643202,5.0,5.0
23782,44.4325315952301,9592,18.100642878914563,5.0,5.0
23790,44.447381019592285,9592,7.414023323203406,5.0,5.0
23799,44.47060179710388,9592,14.0,5.0,5.0
23800,44.47212314605713,9592,21.200000000000003,5.0,5.0
23802,44.4749493598938,9592,23.568000000000005,5.0,5.0
23810,44.49842166900635,9592,6.178209792000003,5.0,5.0
23820,44.51636219024658,9592,5.0,5.0,5.0
23830,44.533894777297974,9592,5.0,5.0,5.0
23840,44.5555636882782,9592,5.0,5.0,5.0
23844,44.56358599662781,9592,14.0,5.0,5.0
23850,44.57675266265869,9592,7.168000000000001,5.0,5.0
23860,44.592875719070435,9592,14.0,5.0,5.0
23870,44.622705698013306,9592,14.587520000000001,5.0,5.0
23871,44.62429356575012,9592,21.670016000000004,5.0,5.0
23880,44.64572024345398,9592,5.680664674304002,5.0,5.0
23888,44.67451190948486,9592,14.0,5.0,5.0
23890,44.67815852165222,9592,11.200000000000001,5.0,5.0
23891,44.67979168891907,9592,18.96,5.0,5.0
23900,44.70455598831177,9592,19.707520000000002,5.0,5.0
23910,44.725502252578735,9592,8.072200192000002,5.0,5.0
23915,44.737645626068115,9592,15.166208122880002,5.0,5.0
23920,44.752854347229004,9592,7.765098558914563,5.0,5.0
23930,44.77566385269165,9592,5.0,5.0,5.0
23940,44.806689977645874,9592,5.0,5.0,5.0
23950,44.845155239105225,9592,5.0,5.0,5.0
23959,44.87878155708313,9592,14.0,5.0,5.0
23960,44.88002872467041,9592,14.0,5.0,5.0
23970,44.89991617202759,9592,5.0,5.0,5.0
23973,44.90897536277771,9592,14.0,5.0,5.0
23979,44.921555280685425,9592,18.96,5.0,5.0
23980,44.9229257106781,9592,15.168000000000001,5.0,5.0
23983,44.932551860809326,9592,19.707520000000002,5.0,5.0
23985,44.936655044555664,9592,22.6128128,5.0,5.0
23990,44.95034575462341,9592,14.472200192,5.0,5.0
23992,44.95278024673462,9592,19.262208122880004,5.0,5.0
24000,44.982820987701416,9592,7.889800447131652,5.0,5.0
24004,44.98890137672424,9592,15.049472286164256,5.0,5.0
24010,45.00201392173767,9592,7.705329810516101,5.0,5.0
24020,45.023048877716064,9592,5.0,5.0,5.0
24027,45.04476523399353,9592,14.0,5.0,5.0
24030,45.0488543510437,9592,8.96,5.0,5.0
24038,45.06347966194153,9592,14.0,5.0,5.0
24040,45.065980195999146,9592,11.200000000000001,5.0,5.0
24043,45.07012915611267,9592,17.168,5.0,5.0
24050,45.08910536766052,9592,7.032012800000001,5.0,5.0
24060,45.111868381500244,9592,5.0,5.0,5.0
24070,45.13306164741516,9592,5.0,5.0,5.0
24078,45.15047025680542,9592,14.0,5.0,5.0
24080,45.15515875816345,9592,11.200000000000001,5.0,5.0
24081,45.156702756881714,9592,18.96,5.0,5.0
24082,45.15810561180115,9592,25.168,5.0,5.0
24088,45.1648211479187,9592,22.886016,5.0,5.0
24090,45.16756820678711,9592,14.647050240000002,5.0,5.0
24100,45.18503403663635,9592,5.999431778304002,5.0,5.0
24105,45.19399309158325,9592,14.0,5.0,5.0
24110,45.2001736164093,9592,5.734400000000001,5.0,5.0
24120,45.218164920806885,9592,5.0,5.0,5.0
24124,45.223618030548096,9592,14.0,5.0,5.0
24125,45.228214263916016,9592,21.200000000000003,5.0,5.0
24128,45.233757734298706,9592,20.854400000000005,5.0,5.0
24130,45.23612856864929,9592,13.346816000000004,5.0,5.0
24132,45.24143075942993,9592,20.677452800000005,5.0,5.0
24140,45.257323265075684,9592,20.586855833600005,5.0,5.0
24144,45.26773285865784,9592,23.175587733504003,5.0,5.0
24146,45.27064752578735,9592,24.83237614944256,5.0,5.0
24150,45.27582001686096,9592,12.714176588514594,5.0,5.0
24160,45.293527364730835,9592,5.207726730655579,5.0,5.0
24161,45.29511761665344,9592,14.166181384524464,5.0,5.0
24163,45.29787516593933,9592,21.332945107619572,5.0,5.0
24164,45.29934620857239,9592,27.06635608609566,5.0,5.0
24170,45.310394525527954,9592,11.086379452864783,5.0,5.0
24180,45.3290581703186,9592,5.0,5.0,5.0
24188,45.35556101799011,9592,14.0,5.0,5.0
24190,45.358561277389526,9592,18.96,5.0,5.0
24195,45.36765265464783,9592,19.707520000000002,5.0,5.0
24196,45.369165897369385,9592,25.766016,5.0,5.0
24199,45.373390197753906,9592,23.192200192,5.0,5.0
24200,45.37429976463318,9592,18.553760153600003,5.0,5.0
24201,45.37582516670227,9592,24.84300812288,5.0,5.0
24210,45.3929877281189,9592,6.512445521364258,5.0,5.0
24211,45.39460015296936,9592,15.209956417091407,5.0,5.0
24220,45.41568732261658,9592,6.229998148440641,5.0,5.0
24221,45.41733193397522,9592,14.983998518752514,5.0,5.0
24223,45.42003679275513,9592,21.98719881500201,5.0,5.0
24227,45.42761588096619,9592,24.071807241601284,5.0,5.0
24230,45.43393158912659,9592,19.25744579328103,5.0,5.0
24231,45.43565249443054,9592,25.405956634624822,5.0,5.0
24240,45.45251393318176,9592,6.660019096027092,5.0,5.0
24244,45.46040058135986,9592,15.328015276821674,5.0,5.0
24249,45.46969246864319,9592,17.8479438217327,5.0,5.0
24250,45.4711492061615,9592,24.278355057386158,5.0,5.0
24252,45.47393989562988,9592,25.53814723672714,5.0,5.0
24260,45.49169206619263,9592,13.075531385204298,5.0,5.0
24264,45.503413438797,9592,16.694672069224602,5.0,5.0
24270,45.5114369392395,9592,6.838137679554397,5.0,5.0
24273,45.515586853027344,9592,14.376408114914815,5.0,5.0
24279,45.53070378303528,9592,17.360720954836385,5.0,5.0
24280,45.53202414512634,9592,13.888576763869109,5.0,5.0
24290,45.557469844818115,9592,7.110951303100984,5.0,5.0
24296,45.566590785980225,9592,14.0,5.0,5.0
24300,45.57175016403198,9592,7.168000000000001,5.0,5.0
24306,45.58630180358887,9592,14.587520000000001,5.0,5.0
24310,45.59451341629028,9592,17.468810240000003,5.0,5.0
24313,45.600558042526245,9592,21.180038553600003,5.0,5.0
24316,45.60470747947693,9592,20.844179739443206,5.0,5.0
24319,45.608800411224365,9592,23.34027503324365,5.0,5.0
24320,45.61007595062256,9592,18.67222002659492,5.0,5.0
24329,45.62740159034729,9592,16.118513058314626,5.0,5.0
24330,45.628856897354126,9592,22.894810446651704,5.0,5.0
24332,45.631616830825806,9592,24.65267868585709,5.0,5.0
24340,45.6462676525116,9592,5.170041441140258,5.0,5.0
24350,45.67064642906189,9592,5.0,5.0,5.0
24353,45.67702889442444,9592,14.0,5.0,5.0
24358,45.68630504608154,9592,15.7344,5.0,5.0
24360,45.691084146499634,9592,12.587520000000001,5.0,5.0
24370,45.71302795410156,9592,6.4448102400000025,5.0,5.0
24376,45.72382688522339,9592,14.0,5.0,5.0
24380,45.73172092437744,9592,7.168000000000001,5.0,5.0
24387,45.74680423736572,9592,14.587520000000001,5.0,5.0
24390,45.7524676322937,9592,11.670016000000002,5.0,5.0
24400,45.777695655822754,9592,5.0,5.0,5.0
24410,45.79515218734741,9592,5.0,5.0,5.0
24420,45.817049741744995,9592,5.0,5.0,5.0
24429,45.840362310409546,9592,14.0,5.0,5.0
24430,45.8418390750885,9592,21.200000000000003,5.0,5.0
24440,45.85935306549072,9592,5.557452800000004,5.0,5.0
24450,45.883631467819214,9592,5.0,5.0,5.0
24460,45.90295195579529,9592,5.0,5.0,5.0
24464,45.91018891334534,9592,14.0,5.0,5.0
24468,45.917359352111816,9592,21.200000000000003,5.0,5.0
24470,45.920010805130005,9592,13.568000000000005,5.0,5.0
24473,45.92910599708557,9592,20.854400000000005,5.0,5.0
24476,45.933286905288696,9592,20.677452800000005,5.0,5.0
24478,45.93597626686096,9592,23.233569792000004,5.0,5.0
24480,45.93844389915466,9592,18.586855833600005,5.0,5.0
24481,45.93989562988281,9592,24.869484666880005,5.0,5.0
24482,45.941261291503906,9592,29.895587733504005,5.0,5.0
24490,45.953110456466675,9592,7.836948950811676,5.0,5.0
24492,45.955899715423584,9592,16.26955916064934,5.0,5.0
24500,45.97150373458862,9592,6.664011432201971,5.0,5.0
24509,45.99977111816406,9592,14.264967316609262,5.0,5.0
24510,46.00736117362976,9592,14.264967316609262,5.0,5.0
24520,46.024354219436646,9592,14.0,5.0,5.0
24521,46.02587914466858,9592,21.200000000000003,5.0,5.0
24530,46.04674243927002,9592,5.0,5.0,5.0
24536,46.06515979766846,9592,14.0,5.0,5.0
24537,46.0668044090271,9592,21.200000000000003,5.0,5.0
24540,46.07281160354614,9592,16.960000000000004,5.0,5.0
24545,46.08164095878601,9592,18.683520000000005,5.0,5.0
24550,46.089988470077515,9592,9.565962240000005,5.0,5.0
24554,46.099891901016235,9592,16.122215833600002,5.0,5.0
24555,46.10134220123291,9592,22.89777266688,5.0,5.0
24556,46.10271334648132,9592,28.318218133504,5.0,5.0
24559,46.10681748390198,9592,24.49892768435405,5.0,5.0
24560,46.108041286468506,9592,19.599142147483242,5.0,5.0
24562,46.11291575431824,9592,25.679313717986595,5.0,5.0
24564,46.1156861782074,9592,26.43476077951142,5.0,5.0
24570,46.12786507606506,9592,10.82767801528788,5.0,5.0
24580,46.149118423461914,9592,5.0,5.0,5.0
24585,46.16040325164795,9592,14.0,5.0,5.0
24590,46.16648888587952,9592,7.168000000000001,5.0,5.0
24600,46.178913593292236,9592,5.0,5.0,5.0
24610,46.20044779777527,9592,5.0,5.0,5.0
24620,46.22562074661255,9592,5.0,5.0,5.0
24630,46.242297887802124,9592,5.0,5.0,5.0
24640,46.25956916809082,9592,5.0,5.0,5.0
24650,46.29685688018799,9592,5.0,5.0,5.0
24653,46.30395865440369,9592,14.0,5.0,5.0
24656,46.3112907409668,9592,18.96,5.0,5.0
24660,46.318936586380005,9592,15.168000000000001,5.0,5.0
24670,46.33160066604614,9592,14.970250240000002,5.0,5.0
24674,46.33961081504822,9592,17.66476812288,5.0,5.0
24676,46.3423638343811,9592,24.131814498304003,5.0,5.0
24680,46.35112810134888,9592,22.355489023131653,5.0,5.0
24683,46.3575074672699,9592,24.30751297480426,5.0,5.0
24690,46.37129211425781,9592,7.965085851583864,5.0,5.0
24700,46.39491868019104,9592,5.0,5.0,5.0
24710,46.41288208961487,9592,5.0,5.0,5.0
24712,46.41828966140747,9592,14.0,5.0,5.0
24715,46.42250084877014,9592,17.168,5.0,5.0
24720,46.43084692955017,9592,8.790016000000001,5.0,5.0
24721,46.432422161102295,9592,17.0320128,5.0,5.0
24729,46.45284104347229,9592,23.62561024,5.0,5.0
24730,46.45714592933655,9592,23.62561024,5.0,5.0
24740,46.48060750961304,9592,9.677049954304003,5.0,5.0
24750,46.50108027458191,9592,5.0,5.0,5.0
24760,46.52228879928589,9592,5.0,5.0,5.0
24762,46.525007247924805,9592,14.0,5.0,5.0
24765,46.52908778190613,9592,18.96,5.0,5.0
24767,46.53178000450134,9592,25.168,5.0,5.0
24770,46.5357551574707,9592,16.10752,5.0,5.0
24780,46.55142068862915,9592,5.278112153600002,5.0,5.0
24781,46.552961587905884,9592,14.222489722880002,5.0,5.0
24787,46.568262815475464,9592,15.825531790491649,5.0,5.0
24790,46.574259996414185,9592,12.66042543239332,5.0,5.0
24793,46.578458309173584,9592,16.48213782138538,5.0,5.0
24800,46.594359159469604,9592,10.548568205686644,5.0,5.0
24801,46.59587740898132,9592,18.438854564549317,5.0,5.0
24808,46.607192516326904,9592,16.042043863711523,5.0,5.0
24810,46.611337423324585,9592,16.042043863711523,5.0,5.0
24811,46.61280632019043,9592,22.833635090969217,5.0,5.0
24814,46.61700487136841,9592,21.690821166576242,5.0,5.0
24817,46.62328362464905,9592,23.882125546608798,5.0,5.0
24820,46.62918424606323,9592,19.105700437287037,5.0,5.0
24821,46.63062763214111,9592,25.284560349829633,5.0,5.0
24830,46.64536786079407,9592,8.285244735432178,5.0,5.0
24840,46.66544151306152,9592,5.0,5.0,5.0
24850,46.68029165267944,9592,5.0,5.0,5.0
24854,46.68782567977905,9592,14.0,5.0,5.0
24856,46.690650939941406,9592,18.96,5.0,5.0
24857,46.69207501411438,9592,25.168,5.0,5.0
24860,46.697956562042236,9592,20.1344,5.0,5.0
24867,46.70943236351013,9592,16.597640192,5.0,5.0
24870,46.71329689025879,9592,10.622489722880001,5.0,5.0
24880,46.73492741584778,9592,6.798393422643201,5.0,5.0
24887,46.74831771850586,9592,14.0,5.0,5.0
24890,46.7539496421814,9592,11.200000000000001,5.0,5.0
24900,46.77092099189758,9592,5.0,5.0,5.0
24903,46.77722239494324,9592,14.0,5.0,5.0
24910,46.79763174057007,9592,11.200000000000001,5.0,5.0
24920,46.82147479057312,9592,5.0,5.0,5.0
24930,46.844417333602905,9592,5.0,5.0,5.0
24940,46.86396360397339,9592,5.0,5.0,5.0
24950,46.90103006362915,9592,5.0,5.0,5.0
24951,46.902785778045654,9592,14.0,5.0,5.0
24956,46.9146409034729,9592,17.168,5.0,5.0
24960,46.92023801803589,9592,18.790016,5.0,5.0
24970,46.94027066230774,9592,7.696390553600003,5.0,5.0
24974,46.94800806045532,9592,14.925689954304001,5.0,5.0
24980,46.95992088317871,9592,7.641953256603649,5.0,5.0
24981,46.9614942073822,9592,16.11356260528292,5.0,5.0
24990,46.977283000946045,9592,5.280092194499108,5.0,5.0
24993,46.984285831451416,9592,14.0,5.0,5.0
25000,46.99915933609009,9592,7.168000000000001,5.0,5.0
25006,47.01276087760925,9592,14.587520000000001,5.0,5.0
25007,47.01426649093628,9592,21.670016000000004,5.0,5.0
25010,47.018255949020386,9592,11.095048192000002,5.0,5.0
25012,47.02125668525696,9592,17.10083084288,5.0,5.0
25018,47.031442642211914,9592,18.75562539155456,5.0,5.0
25020,47.036675214767456,9592,15.004500313243648,5.0,5.0
25026,47.04718494415283,9592,17.68230416038075,5.0,5.0
25030,47.05189633369446,9592,9.053339730114946,5.0,5.0
25037,47.06361436843872,9592,14.635309941818853,5.0,5.0
25040,47.06752896308899,9592,11.708247953455084,5.0,5.0
25041,47.06901788711548,9592,19.366598362764066,5.0,5.0
25042,47.07045388221741,9592,25.493278690211255,5.0,5.0
25046,47.0757315158844,9592,23.052558689388164,5.0,5.0
25047,47.081571102142334,9592,28.44204695151053,5.0,5.0
25050,47.08601999282837,9592,14.562328039173392,5.0,5.0
25060,47.10902762413025,9592,5.964729564845423,5.0,5.0
25070,47.132115840911865,9592,5.0,5.0,5.0
25080,47.155922651290894,9592,5.0,5.0,5.0
25085,47.16773056983948,9592,14.0,5.0,5.0
25090,47.173457860946655,9592,5.734400000000001,5.0,5.0
25092,47.17879390716553,9592,14.587520000000001,5.0,5.0
25100,47.19689631462097,9592,5.975048192000003,5.0,5.0
25110,47.222596168518066,9592,14.0,5.0,5.0
25119,47.23681569099426,9592,14.587520000000001,5.0,5.0
25120,47.24057221412659,9592,14.587520000000001,5.0,5.0
25130,47.26617193222046,9592,5.975048192000003,5.0,5.0
25131,47.26775312423706,9592,14.780038553600003,5.0,5.0
25140,47.28180122375488,9592,5.0,5.0,5.0
25150,47.30052733421326,9592,5.0,5.0,5.0
25151,47.30213212966919,9592,14.0,5.0,5.0
25155,47.31082105636597,9592,18.96,5.0,5.0
25160,47.31958317756653,9592,12.134400000000001,5.0,5.0
25170,47.34600567817688,9592,5.0,5.0,5.0
25180,47.361640214920044,9592,5.0,5.0,5.0
25190,47.38794994354248,9592,5.0,5.0,5.0
25200,47.41693663597107,9592,5.0,5.0,5.0
25210,47.43413591384888,9592,5.0,5.0,5.0
25220,47.457841634750366,9592,5.0,5.0,5.0
25222,47.460803747177124,9592,14.0,5.0,5.0
25230,47.47623944282532,9592,14.587520000000001,5.0,5.0
25231,47.47774147987366,9592,21.670016000000004,5.0,5.0
25234,47.48195791244507,9592,21.095048192,5.0,5.0
25235,47.48340058326721,9592,26.8760385536,5.0,5.0
25237,47.486236810684204,9592,27.200664674304004,5.0,5.0
25240,47.49190139770508,9592,17.408425391554566,5.0,5.0
25250,47.516483783721924,9592,7.130491040380751,5.0,5.0
25251,47.51799654960632,9592,15.704392832304602,5.0,5.0
25260,47.5366325378418,9592,5.0,5.0,5.0
25270,47.559953689575195,9592,5.0,5.0,5.0
25280,47.58625864982605,9592,5.0,5.0,5.0
25290,47.60094094276428,9592,5.0,5.0,5.0
25300,47.619627237319946,9592,5.0,5.0,5.0
25310,47.64327549934387,9592,5.0,5.0,5.0
25313,47.64957571029663,9592,14.0,5.0,5.0
25320,47.66784620285034,9592,5.734400000000001,5.0,5.0
25330,47.69554781913757,9592,5.0,5.0,5.0
25340,47.716111183166504,9592,5.0,5.0,5.0
25350,47.733296632766724,9592,5.0,5.0,5.0
25354,47.74347996711731,9592,14.0,5.0,5.0
25360,47.75869798660278,9592,7.168000000000001,5.0,5.0
25363,47.76532506942749,9592,15.7344,5.0,5.0
25367,47.7708215713501,9592,20.070016000000003,5.0,5.0
25370,47.77475547790527,9592,12.844810240000001,5.0,5.0
25380,47.79794192314148,9592,5.0,5.0,5.0
25390,47.819719076156616,9592,5.0,5.0,5.0
25399,47.84049367904663,9592,14.0,5.0,5.0
25400,47.84127187728882,9592,14.0,5.0,5.0
25410,47.869107723236084,9592,5.0,5.0,5.0
25420,47.88614058494568,9592,5.0,5.0,5.0
25430,47.90782809257507,9592,5.0,5.0,5.0
25440,47.927799701690674,9592,5.0,5.0,5.0
25450,47.95278000831604,9592,5.0,5.0,5.0
25460,47.98177123069763,9592,5.0,5.0,5.0
25470,48.007251501083374,9592,5.0,5.0,5.0
25480,48.030855894088745,9592,5.0,5.0,5.0
25490,48.061577796936035,9592,5.0,5.0,5.0
25496,48.072909116744995,9592,14.0,5.0,5.0
25500,48.08054757118225,9592,8.96,5.0,5.0
25505,48.09238886833191,9592,14.587520000000001,5.0,5.0
25510,48.10125517845154,9592,7.4688102400000025,5.0,5.0
25520,48.11600947380066,9592,5.0,5.0,5.0
25521,48.1177020072937,9592,14.0,5.0,5.0
25523,48.12047457695007,9592,21.200000000000003,5.0,5.0
25527,48.12824487686157,9592,26.960000000000004,5.0,5.0
25530,48.1323401927948,9592,17.254400000000004,5.0,5.0
25540,48.15312385559082,9592,7.067402240000003,5.0,5.0
25550,48.1708824634552,9592,5.0,5.0,5.0
25552,48.1739137172699,9592,14.0,5.0,5.0
25556,48.1820170879364,9592,17.168,5.0,5.0
25558,48.18704843521118,9592,23.7344,5.0,5.0
25560,48.18959403038025,9592,18.98752,5.0,5.0
25570,48.20823526382446,9592,5.0,5.0,5.0
25580,48.23257827758789,9592,5.0,5.0,5.0
25590,48.253867626190186,9592,5.0,5.0,5.0
25600,48.27762842178345,9592,5.0,5.0,5.0
25608,48.29300594329834,9592,14.0,5.0,5.0
25610,48.29582762718201,9592,21.200000000000003,5.0,5.0
25620,48.31190299987793,9592,5.0,5.0,5.0
25630,48.33290767669678,9592,5.0,5.0,5.0
25640,48.352001905441284,9592,5.0,5.0,5.0
25650,48.37389326095581,9592,5.0,5.0,5.0
25660,48.39625382423401,9592,5.0,5.0,5.0
25665,48.40920925140381,9592,14.0,5.0,5.0
25669,48.42097306251526,9592,21.200000000000003,5.0,5.0
25670,48.42220854759216,9592,21.200000000000003,5.0,5.0
25679,48.44172739982605,9592,18.683520000000005,5.0,5.0
25680,48.44358682632446,9592,18.683520000000005,5.0,5.0
25690,48.47782349586487,9592,6.122215833600004,5.0,5.0
25694,48.48656511306763,9592,14.0,5.0,5.0
25700,48.50273251533508,9592,8.96,5.0,5.0
25702,48.50662422180176,9592,17.168,5.0,5.0
25709,48.53905439376831,9592,17.0320128,5.0,5.0
25710,48.54033398628235,9592,17.0320128,5.0,5.0
25711,48.54197883605957,9592,23.62561024,5.0,5.0
25719,48.56337523460388,9592,22.096312442880002,5.0,5.0
25720,48.564703941345215,9592,22.096312442880002,5.0,5.0
25723,48.56950259208679,9592,21.31331197075456,5.0,5.0
25726,48.578893184661865,9592,20.912415729026335,5.0,5.0
25730,48.58550453186035,9592,10.707156853261484,5.0,5.0
25740,48.598756551742554,9592,5.0,5.0,5.0
25746,48.61170721054077,9592,14.0,5.0,5.0
25749,48.61591601371765,9592,18.96,5.0,5.0
25750,48.61708378791809,9592,18.96,5.0,5.0
25760,48.65014457702637,9592,7.766016000000002,5.0,5.0
25765,48.66244292259216,9592,14.970250240000002,5.0,5.0
25770,48.66930174827576,9592,6.131814498304002,5.0,5.0
25776,48.685874700546265,9592,14.0,5.0,5.0
25777,48.68742084503174,9592,21.200000000000003,5.0,5.0
25780,48.693474769592285,9592,16.960000000000004,5.0,5.0
25790,48.71555733680725,9592,6.9468160000000045,5.0,5.0
25794,48.723166942596436,9592,15.557452800000004,5.0,5.0
25796,48.72609853744507,9592,19.956769792000003,5.0,5.0
25800,48.73392868041992,9592,10.217866133504003,5.0,5.0
25810,48.757423400878906,9592,5.0,5.0,5.0
25820,48.77794551849365,9592,14.0,5.0,5.0
25830,48.79505276679993,9592,15.7344,5.0,5.0
25836,48.81020641326904,9592,16.444810240000002,5.0,5.0
25840,48.815065145492554,9592,10.524678553600003,5.0,5.0
25850,48.83684229850769,9592,5.0,5.0,5.0
25860,48.853602170944214,9592,5.0,5.0,5.0
25870,48.873393535614014,9592,5.0,5.0,5.0
25876,48.88607740402222,9592,14.0,5.0,5.0
25880,48.89144778251648,9592,5.734400000000001,5.0,5.0
25881,48.8931565284729,9592,14.587520000000001,5.0,5.0
25890,48.9115629196167,9592,5.975048192000003,5.0,5.0
25900,48.93825173377991,9592,5.0,5.0,5.0
25906,48.94834065437317,9592,14.0,5.0,5.0
25910,48.956212520599365,9592,7.168000000000001,5.0,5.0
25912,48.95903301239014,9592,15.7344,5.0,5.0
25920,48.97916650772095,9592,16.444810240000002,5.0,5.0
25930,48.99598240852356,9592,5.0,5.0,5.0
25933,49.00008797645569,9592,14.0,5.0,5.0
25940,49.015989542007446,9592,8.96,5.0,5.0
25950,49.03664207458496,9592,5.0,5.0,5.0
25951,49.038257122039795,9592,14.0,5.0,5.0
25960,49.064457654953,9592,11.200000000000001,5.0,5.0
25970,49.083566188812256,9592,5.734400000000001,5.0,5.0
25980,49.10046577453613,9592,5.0,5.0,5.0
25990,49.125678062438965,9592,5.0,5.0,5.0
25991,49.127294063568115,9592,14.0,5.0,5.0
25996,49.136534452438354,9592,18.96,5.0,5.0
26000,49.14354753494263,9592,9.707520000000002,5.0,5.0
26010,49.16668772697449,9592,5.0,5.0,5.0
26020,49.19000959396362,9592,5.0,5.0,5.0
26030,49.21427083015442,9592,5.0,5.0,5.0
26035,49.224486351013184,9592,14.0,5.0,5.0
26040,49.23114323616028,9592,15.7344,5.0,5.0
26048,49.2446653842926,9592,16.444810240000002,5.0,5.0
26050,49.249831438064575,9592,16.444810240000002,5.0,5.0
26058,49.27222418785095,9592,16.735794274304002,5.0,5.0
26059,49.27379560470581,9592,23.388635419443204,5.0,5.0
26060,49.27517318725586,9592,18.710908335554564,5.0,5.0
26062,49.27829051017761,9592,21.974981334754922,5.0,5.0
26070,49.29713726043701,9592,11.251190443394522,5.0,5.0
26071,49.2988338470459,9592,19.00095235471562,5.0,5.0
26078,49.314213275909424,9592,17.782790084491516,5.0,5.0
26080,49.319231271743774,9592,17.782790084491516,5.0,5.0
26081,49.32089591026306,9592,24.226232067593216,5.0,5.0
26088,49.33757448196411,9592,19.923064654886183,5.0,5.0
26090,49.3403046131134,9592,12.750761379127159,5.0,5.0
26093,49.344186782836914,9592,16.528389826113106,5.0,5.0
26100,49.356096506118774,9592,16.77002847277593,5.0,5.0
26101,49.35763430595398,9592,23.416022778220743,5.0,5.0
26106,49.3695604801178,9592,21.989003662449022,5.0,5.0
26110,49.377121448516846,9592,11.258369875173901,5.0,5.0
26114,49.38265252113342,9592,14.611428300871232,5.0,5.0
26120,49.39971041679382,9592,11.689142640696986,5.0,5.0
26122,49.40257287025452,9592,19.35131411255759,5.0,5.0
26130,49.41486644744873,9592,7.92629826050359,5.0,5.0
26140,49.441871643066406,9592,5.072830886722298,5.0,5.0
26150,49.46235132217407,9592,5.0,5.0,5.0
26156,49.477553606033325,9592,14.0,5.0,5.0
26160,49.48493838310242,9592,8.96,5.0,5.0
26170,49.50379419326782,9592,5.734400000000001,5.0,5.0
26180,49.526360511779785,9592,5.0,5.0,5.0
26189,49.54157376289368,9592,14.0,5.0,5.0
26190,49.54297137260437,9592,11.200000000000001,5.0,5.0
26191,49.54462647438049,9592,18.96,5.0,5.0
26193,49.54748511314392,9592,22.1344,5.0,5.0
26196,49.559263944625854,9592,27.70752,5.0,5.0
26200,49.567636013031006,9592,14.186250240000001,5.0,5.0
26206,49.57879567146301,9592,14.648550478643202,5.0,5.0
26210,49.583932638168335,9592,9.375072306331651,5.0,5.0
26220,49.60890007019043,9592,5.0,5.0,5.0
26230,49.63640213012695,9592,5.0,5.0,5.0
26235,49.64478158950806,9592,14.0,5.0,5.0
26240,49.65342593193054,9592,8.96,5.0,5.0
26250,49.673463582992554,9592,5.734400000000001,5.0,5.0
26252,49.67635917663574,9592,14.0,5.0,5.0
26260,49.69122266769409,9592,8.96,5.0,5.0
26262,49.69404411315918,9592,17.168,5.0,5.0
26270,49.711546182632446,9592,7.032012800000001,5.0,5.0
26276,49.72617793083191,9592,14.500488192000002,5.0,5.0
26280,49.73864436149597,9592,19.280312442880003,5.0,5.0
26285,49.747819900512695,9592,17.89721597660365,5.0,5.0
26290,49.7565598487854,9592,9.16337458002107,5.0,5.0
26291,49.758108139038086,9592,17.330699664016855,5.0,5.0
26300,49.78875136375427,9592,11.091647784970789,5.0,5.0
26310,49.808462381362915,9592,5.678923665905044,5.0,5.0
26320,49.82803773880005,9592,5.0,5.0,5.0
26330,49.843713998794556,9592,5.0,5.0,5.0
26340,49.871912240982056,9592,5.0,5.0,5.0
26346,49.881964445114136,9592,14.0,5.0,5.0
26350,49.887279748916626,9592,7.168000000000001,5.0,5.0
26356,49.89728903770447,9592,14.587520000000001,5.0,5.0
26359,49.90374827384949,9592,21.670016000000004,5.0,5.0
26360,49.90525794029236,9592,27.336012800000002,5.0,5.0
26363,49.91416645050049,9592,31.868810240000002,5.0,5.0
26370,49.924678325653076,9592,13.053464674304005,5.0,5.0
26373,49.92893719673157,9592,16.68337391324365,5.0,5.0
26380,49.94505047798157,9592,6.8335099548646,5.0,5.0
26382,49.94794583320618,9592,14.373446371113346,5.0,5.0
26389,49.96543645858765,9592,19.199005677512545,5.0,5.0
26390,49.966408014297485,9592,19.199005677512545,5.0,5.0
26394,49.97692918777466,9592,19.829890906886426,5.0,5.0
26395,49.97858238220215,9592,25.86391272550914,5.0,5.0
26400,49.98950743675232,9592,13.24232331546068,5.0,5.0
26410,50.01066875457764,9592,5.0,5.0,5.0
26414,50.018799781799316,9592,14.0,5.0,5.0
26420,50.03183722496033,9592,8.96,5.0,5.0
26426,50.039222240448,9592,15.7344,5.0,5.0
26428,50.04202437400818,9592,20.070016000000003,5.0,5.0
26430,50.04450750350952,9592,16.0560128,5.0,5.0
26437,50.05359506607056,9592,16.576542842880002,5.0,5.0
26440,50.05902647972107,9592,13.261234274304002,5.0,5.0
26443,50.06332755088806,9592,16.78975194844365,5.0,5.0
26450,50.07146430015564,9592,6.877082398082521,5.0,5.0
26460,50.089684009552,9592,5.0,5.0,5.0
26470,50.11576819419861,9592,5.0,5.0,5.0
26473,50.12240672111511,9592,14.0,5.0,5.0
26477,50.12995100021362,9592,18.96,5.0,5.0
26478,50.131473541259766,9592,25.168,5.0,5.0
26480,50.13415861129761,9592,16.10752,5.0,5.0
26490,50.15877413749695,9592,10.308812800000002,5.0,5.0
26500,50.18196225166321,9592,5.278112153600002,5.0,5.0
26510,50.204272747039795,9592,5.0,5.0,5.0
26511,50.20589280128479,9592,14.0,5.0,5.0
26518,50.220017433166504,9592,17.168,5.0,5.0
26520,50.22247552871704,9592,17.168,5.0,5.0
26524,50.228161334991455,9592,17.0320128,5.0,5.0
26530,50.240835189819336,9592,6.976312442880001,5.0,5.0
26532,50.24368858337402,9592,15.581049954304001,5.0,5.0
26535,50.250396966934204,9592,19.971871970754563,5.0,5.0
26539,50.261558294296265,9592,22.78199806128292,5.0,5.0
26540,50.26230835914612,9592,22.78199806128292,5.0,5.0
26541,50.26387429237366,9592,28.225598449026336,5.0,5.0
26546,50.27372908592224,9592,24.451506405901487,5.0,5.0
26549,50.287407875061035,9592,25.648964099776954,5.0,5.0
26550,50.28928852081299,9592,20.519171279821563,5.0,5.0
26560,50.309760332107544,9592,6.723722044971932,5.0,5.0
26561,50.31139802932739,9592,15.378977635977545,5.0,5.0
26569,50.32468605041504,9592,16.299229239696405,5.0,5.0
26570,50.32869553565979,9592,16.299229239696405,5.0,5.0
26572,50.33177423477173,9592,20.431506713405703,5.0,5.0
26576,50.34276008605957,9592,23.076164296579652,5.0,5.0
26577,50.34428572654724,9592,28.46093143726372,5.0,5.0
26580,50.35080075263977,9592,18.214996119848784,5.0,5.0
26590,50.368863344192505,9592,7.460862410690064,5.0,5.0
26594,50.375932931900024,9592,14.774951942841643,5.0,5.0
26600,50.386181354522705,9592,6.051820315787938,5.0,5.0
26610,50.40325140953064,9592,5.0,5.0,5.0
26615,50.4115629196167,9592,14.0,5.0,5.0
26620,50.418174743652344,9592,21.200000000000003,5.0,5.0
26621,50.41968822479248,9592,26.960000000000004,5.0,5.0
26625,50.427695512771606,9592,23.803520000000006,5.0,5.0
26630,50.441399335861206,9592,15.234252800000005,5.0,5.0
26634,50.4469211101532,9592,19.749921792000002,5.0,5.0
26640,50.462220430374146,9592,12.639949946880002,5.0,5.0
26641,50.46387982368469,9592,20.111959957504002,5.0,5.0
26647,50.473902225494385,9592,20.29732349824205,5.0,5.0
26650,50.480910301208496,9592,12.990287038874914,5.0,5.0
26655,50.49067831039429,9592,16.651026963903956,5.0,5.0
26660,50.50334429740906,9592,8.525325805518827,5.0,5.0
26667,50.51925611495972,9592,14.36496681242564,5.0,5.0
26670,50.526535749435425,9592,11.491973449940513,5.0,5.0
26680,50.56058692932129,9592,7.354863007961929,5.0,5.0
26682,50.56436038017273,9592,14.707112325095636,5.0,5.0
26688,50.577850580215454,9592,17.530041510448967,5.0,5.0
26690,50.58077621459961,9592,21.21922656668734,5.0,5.0
26693,50.58473777770996,9592,26.975381253349873,5.0,5.0
26697,50.592639446258545,9592,23.811395201715136,5.0,5.0
26700,50.59662055969238,9592,12.19143434327815,5.0,5.0
26706,50.6042423248291,9592,14.0,5.0,5.0
26708,50.60702180862427,9592,18.96,5.0,5.0
26710,50.61087608337402,9592,15.168000000000001,5.0,5.0
26713,50.62153887748718,9592,17.766016,5.0,5.0
26720,50.6357638835907,9592,9.096200192000003,5.0,5.0
26729,50.65402960777283,9592,14.0,5.0,5.0
26730,50.65556001663208,9592,21.200000000000003,5.0,5.0
26740,50.67353844642639,9592,8.683520000000005,5.0,5.0
26750,50.700616121292114,9592,5.557452800000004,5.0,5.0
26760,50.72058057785034,9592,5.0,5.0,5.0
26770,50.73879051208496,9592,5.0,5.0,5.0
26780,50.75954556465149,9592,5.0,5.0,5.0
26781,50.761106967926025,9592,14.0,5.0,5.0
26783,50.766595125198364,9592,21.200000000000003,5.0,5.0
26790,50.78313422203064,9592,8.683520000000005,5.0,5.0
26792,50.786072969436646,9592,16.946816000000005,5.0,5.0
26800,50.80075025558472,9592,6.941415833600004,5.0,5.0
26810,50.82501983642578,9592,14.0,5.0,5.0
26815,50.83840274810791,9592,18.96,5.0,5.0
26818,50.84266185760498,9592,19.707520000000002,5.0,5.0
26819,50.844130992889404,9592,25.766016,5.0,5.0
26820,50.84559679031372,9592,30.6128128,5.0,5.0
26830,50.862813234329224,9592,16.41997215891456,5.0,5.0
26840,50.87497544288635,9592,8.407025745364257,5.0,5.0
26850,50.89945459365845,9592,5.0,5.0,5.0
26860,50.91770076751709,9592,14.0,5.0,5.0
26867,50.92973780632019,9592,15.7344,5.0,5.0
26870,50.93594431877136,9592,10.070016000000003,5.0,5.0
26871,50.937477588653564,9592,18.056012800000005,5.0,5.0
26880,50.95996379852295,9592,5.916594274304003,5.0,5.0
26890,50.98408246040344,9592,5.0,5.0,5.0
26900,51.00634264945984,9592,5.0,5.0,5.0
26910,51.02906584739685,9592,14.0,5.0,5.0
26911,51.03072452545166,9592,21.200000000000003,5.0,5.0
26920,51.049837589263916,9592,6.9468160000000045,5.0,5.0
26921,51.05146026611328,9592,15.557452800000004,5.0,5.0
26930,51.070340156555176,9592,5.097866133504002,5.0,5.0
26935,51.07942247390747,9592,14.0,5.0,5.0
26936,51.08094310760498,9592,21.200000000000003,5.0,5.0
26940,51.08630585670471,9592,8.683520000000005,5.0,5.0
26941,51.087897300720215,9592,16.946816000000005,5.0,5.0
26950,51.103994607925415,9592,15.553132666880003,5.0,5.0
26951,51.105490922927856,9592,22.442506133504004,5.0,5.0
26952,51.106990814208984,9592,27.954004906803203,5.0,5.0
26960,51.1238579750061,9592,9.159968327861277,5.0,5.0
26966,51.1391875743866,9592,14.689903783864974,5.0,5.0
26968,51.14212656021118,9592,19.401538421673585,5.0,5.0
26969,51.14365816116333,9592,25.52123073733887,5.0,5.0
26970,51.144545793533325,9592,20.416984589871095,5.0,5.0
26980,51.1649386882782,9592,5.35219000832717,5.0,5.0
26990,51.188737869262695,9592,5.0,5.0,5.0
26998,51.20840549468994,9592,14.0,5.0,5.0
27000,51.21262001991272,9592,14.0,5.0,5.0
27004,51.2182719707489,9592,17.168,5.0,5.0
27010,51.232293367385864,9592,10.987520000000002,5.0,5.0
27020,51.25014138221741,9592,5.0,5.0,5.0
27030,51.27460289001465,9592,5.0,5.0,5.0
27040,51.2948899269104,9592,5.0,5.0,5.0
27044,51.30276012420654,9592,14.0,5.0,5.0
27050,51.31358551979065,9592,8.96,5.0,5.0
27053,51.31964087486267,9592,17.168,5.0,5.0
27058,51.328877687454224,9592,18.790016,5.0,5.0
27059,51.330387353897095,9592,25.032012800000004,5.0,5.0
27060,51.33390235900879,9592,25.032012800000004,5.0,5.0
27070,51.3492648601532,9592,5.249593570754564,5.0,5.0
27074,51.35874009132385,9592,14.0,5.0,5.0
27080,51.366276025772095,9592,5.734400000000001,5.0,5.0
27084,51.37157106399536,9592,14.0,5.0,5.0
27089,51.37976050376892,9592,18.96,5.0,5.0
27090,51.38516092300415,9592,15.168000000000001,5.0,5.0
27092,51.38970732688904,9592,22.1344,5.0,5.0
27097,51.40441012382507,9592,19.066250240000002,5.0,5.0
27100,51.40822672843933,9592,15.253000192000002,5.0,5.0
27107,51.42146039009094,9592,22.202400153600003,5.0,5.0
27110,51.4301552772522,9592,17.761920122880003,5.0,5.0
27116,51.442103147506714,9592,19.094103102914563,5.0,5.0
27120,51.4517707824707,9592,12.220225985865321,5.0,5.0
27121,51.45336985588074,9592,19.77618078869226,5.0,5.0
27122,51.45484495162964,9592,25.820944630953807,5.0,5.0
27125,51.45862174034119,9592,26.525404563810437,5.0,5.0
27128,51.46187496185303,9592,26.97625892083868,5.0,5.0
27130,51.46427249908447,9592,27.26480570933676,5.0,5.0
27140,51.48639750480652,9592,11.167664418544337,5.0,5.0
27150,51.51277470588684,9592,5.7178441822947015,5.0,5.0
27160,51.53809952735901,9592,5.0,5.0,5.0
27170,51.57802414894104,9592,5.0,5.0,5.0
27180,51.60571789741516,9592,5.0,5.0,5.0
27190,51.64695644378662,9592,5.0,5.0,5.0
27200,51.677480936050415,9592,5.0,5.0,5.0
27207,51.687355518341064,9592,14.0,5.0,5.0
27210,51.69366765022278,9592,11.200000000000001,5.0,5.0
27212,51.69669842720032,9592,17.168,5.0,5.0
27213,51.698232650756836,9592,23.7344,5.0,5.0
27220,51.71247696876526,9592,9.721610240000002,5.0,5.0
27230,51.7292001247406,9592,5.0,5.0,5.0
27237,51.74453687667847,9592,14.0,5.0,5.0
27238,51.74628710746765,9592,21.200000000000003,5.0,5.0
27240,51.748602867126465,9592,13.568000000000005,5.0,5.0
27244,51.75384473800659,9592,16.946816000000005,5.0,5.0
27250,51.76687550544739,9592,8.676769792000005,5.0,5.0
27260,51.786699533462524,9592,6.941415833600004,5.0,5.0
27270,51.802002906799316,9592,5.0,5.0,5.0
27280,51.827885389328,9592,5.0,5.0,5.0
27285,51.8371307849884,9592,14.0,5.0,5.0
27288,51.84142851829529,9592,18.96,5.0,5.0
27290,51.844120264053345,9592,12.134400000000001,5.0,5.0
27300,51.863853216171265,9592,6.212812800000002,5.0,5.0
27302,51.866804361343384,9592,14.970250240000002,5.0,5.0
27310,51.89209008216858,9592,16.131814498304003,5.0,5.0
27314,51.90243148803711,9592,20.324361278914566,5.0,5.0
27320,51.91455364227295,9592,8.324858379843409,5.0,5.0
27322,51.917542457580566,9592,15.327909363099781,5.0,5.0
27330,51.927722692489624,9592,14.018119472080432,5.0,5.0
27340,51.95932912826538,9592,8.971596462131478,5.0,5.0
27350,51.98522138595581,9592,5.741821735764146,5.0,5.0
27360,52.00715780258179,9592,5.0,5.0,5.0
27363,52.01589322090149,9592,14.0,5.0,5.0
27370,52.03030014038086,9592,15.7344,5.0,5.0
27380,52.05047154426575,9592,8.056012800000003,5.0,5.0
27390,52.07685112953186,9592,5.155848192000002,5.0,5.0
27395,52.09611749649048,9592,14.124678553600003,5.0,5.0
27399,52.104408740997314,9592,17.2318354194432,5.0,5.0
27400,52.105626583099365,9592,17.2318354194432,5.0,5.0
27410,52.123756408691406,9592,5.64652783024315,5.0,5.0
27420,52.143455266952515,9592,5.0,5.0,5.0
27424,52.154212474823,9592,14.0,5.0,5.0
27426,52.15936732292175,9592,21.200000000000003,5.0,5.0
27427,52.16100883483887,9592,26.960000000000004,5.0,5.0
27428,52.16249179840088,9592,31.568000000000005,5.0,5.0
27430,52.16517376899719,9592,20.203520000000005,5.0,5.0
27432,52.16829466819763,9592,22.930252800000005,5.0,5.0
27440,52.18625020980835,9592,7.513785237504003,5.0,5.0
27442,52.189088106155396,9592,16.011028190003202,5.0,5.0
27450,52.20827794075012,9592,18.19764643328164,5.0,5.0
27454,52.213685035705566,9592,21.646493717300253,5.0,5.0
27460,52.22851228713989,9592,11.08300478325773,5.0,5.0
27470,52.250532388687134,9592,5.0,5.0,5.0
27474,52.25538992881775,9592,14.0,5.0,5.0
27480,52.267139196395874,9592,11.200000000000001,5.0,5.0
27490,52.287410736083984,9592,14.587520000000001,5.0,5.0
27498,52.30767631530762,9592,17.468810240000003,5.0,5.0
27500,52.310434103012085,9592,11.180038553600003,5.0,5.0
27510,52.33230376243591,9592,5.0,5.0,5.0
27515,52.34100866317749,9592,14.0,5.0,5.0
27520,52.349873781204224,9592,7.168000000000001,5.0,5.0
27530,52.37438440322876,9592,5.0,5.0,5.0
27540,52.39422559738159,9592,14.0,5.0,5.0
27543,52.400734186172485,9592,18.96,5.0,5.0
27550,52.421663761138916,9592,9.707520000000002,5.0,5.0
27559,52.43838119506836,9592,14.0,5.0,5.0
27560,52.439634799957275,9592,14.0,5.0,5.0
27570,52.45524621009827,9592,5.734400000000001,5.0,5.0
27580,52.48091745376587,9592,5.0,5.0,5.0
27590,52.50117778778076,9592,5.0,5.0,5.0
27596,52.517295122146606,9592,14.0,5.0,5.0
27599,52.52389669418335,9592,18.96,5.0,5.0
27600,52.52771496772766,9592,18.96,5.0,5.0
27601,52.529369592666626,9592,25.168,5.0,5.0
27603,52.53483963012695,9592,30.1344,5.0,5.0
27608,52.54425835609436,9592,22.343050240000004,5.0,5.0
27610,52.546897649765015,9592,17.874440192000005,5.0,5.0
27612,52.55227851867676,9592,24.299552153600004,5.0,5.0
27613,52.55387353897095,9592,29.439641722880005,5.0,5.0
27620,52.56596064567566,9592,15.073096562114564,5.0,5.0
27630,52.5849072933197,9592,5.0,5.0,5.0
27634,52.59620189666748,9592,14.0,5.0,5.0
27640,52.60665512084961,9592,7.168000000000001,5.0,5.0
27650,52.630056619644165,9592,14.0,5.0,5.0
27651,52.631712913513184,9592,21.200000000000003,5.0,5.0
27656,52.643390417099,9592,20.854400000000005,5.0,5.0
27660,52.65098452568054,9592,13.346816000000004,5.0,5.0
27670,52.66658020019531,9592,5.0,5.0,5.0
27680,52.68248128890991,9592,5.0,5.0,5.0
27690,52.70453357696533,9592,5.0,5.0,5.0
27700,52.73497724533081,9592,5.0,5.0,5.0
27710,52.75605392456055,9592,14.0,5.0,5.0
27720,52.77399730682373,9592,14.0,5.0,5.0
27725,52.78412890434265,9592,18.96,5.0,5.0
27726,52.785786151885986,9592,25.168,5.0,5.0
27730,52.79578757286072,9592,16.10752,5.0,5.0
27733,52.800193309783936,9592,18.24705024,5.0,5.0
27739,52.8103404045105,9592,17.473991778304,5.0,5.0
27740,52.81164336204529,9592,13.9791934226432,5.0,5.0
27750,52.83110451698303,9592,5.0,5.0,5.0
27760,52.85328459739685,9592,5.0,5.0,5.0
27761,52.854966163635254,9592,14.0,5.0,5.0
27768,52.868550539016724,9592,17.168,5.0,5.0
27770,52.875734090805054,9592,17.168,5.0,5.0
27771,52.87735390663147,9592,23.7344,5.0,5.0
27773,52.882704973220825,9592,28.98752,5.0,5.0
27776,52.88699960708618,9592,24.84161024,5.0,5.0
27780,52.89219355583191,9592,15.898630553600004,5.0,5.0
27790,52.91485548019409,9592,6.512079074754563,5.0,5.0
27800,52.934738636016846,9592,5.209663259803651,5.0,5.0
27810,52.957799434661865,9592,5.0,5.0,5.0
27813,52.964518308639526,9592,14.0,5.0,5.0
27814,52.96621608734131,9592,21.200000000000003,5.0,5.0
27815,52.967700242996216,9592,26.960000000000004,5.0,5.0
27816,52.969268560409546,9592,31.568000000000005,5.0,5.0
27818,52.972177028656006,9592,30.203520000000005,5.0,5.0
27820,52.977035999298096,9592,24.162816000000007,5.0,5.0
27830,52.993425607681274,9592,6.334137237504004,5.0,5.0
27834,52.998987913131714,9592,14.0,5.0,5.0
27837,53.003122329711914,9592,18.96,5.0,5.0
27840,53.00934290885925,9592,25.168,5.0,5.0
27844,53.015039682388306,9592,20.308812800000002,5.0,5.0
27850,53.02494668960571,9592,8.318489722880003,5.0,5.0
27857,53.046324253082275,9592,15.323833422643201,5.0,5.0
27860,53.05457830429077,9592,12.259066738114562,5.0,5.0
27870,53.08068823814392,9592,7.845802712393321,5.0,5.0
27871,53.08226537704468,9592,16.27664216991466,5.0,5.0
27873,53.085041999816895,9592,23.021313735931727,5.0,5.0
27880,53.0979220867157,9592,9.429530106237639,5.0,5.0
27890,53.124027967453,9592,5.0,5.0,5.0
27900,53.14979672431946,9592,5.0,5.0,5.0
27901,53.15136456489563,9592,14.0,5.0,5.0
27910,53.16936945915222,9592,5.0,5.0,5.0
27920,53.18582725524902,9592,14.0,5.0,5.0
27928,53.20166897773743,9592,14.0,5.0,5.0
27930,53.20861482620239,9592,14.0,5.0,5.0
27940,53.224096059799194,9592,5.0,5.0,5.0
27944,53.23249578475952,9592,14.0,5.0,5.0
27950,53.24279713630676,9592,7.168000000000001,5.0,5.0
27960,53.26175808906555,9592,5.0,5.0,5.0
27970,53.28211045265198,9592,14.0,5.0,5.0
27971,53.283774852752686,9592,21.200000000000003,5.0,5.0
27980,53.301743507385254,9592,8.683520000000005,5.0,5.0
27982,53.30718183517456,9592,16.946816000000005,5.0,5.0
27990,53.31788158416748,9592,6.941415833600004,5.0,5.0
28000,53.337634801864624,9592,5.0,5.0,5.0
28001,53.33944606781006,9592,14.0,5.0,5.0
28010,53.36306047439575,9592,5.0,5.0,5.0
28020,53.395233392715454,9592,5.0,5.0,5.0
28025,53.40420937538147,9592,14.0,5.0,5.0
28027,53.40717172622681,9592,18.96,5.0,5.0
28030,53.411211252212524,9592,12.134400000000001,5.0,5.0
28040,53.42958188056946,9592,6.212812800000002,5.0,5.0
28045,53.445725440979004,9592,14.970250240000002,5.0,5.0
28046,53.447248697280884,9592,21.976200192,5.0,5.0
28050,53.452529191970825,9592,14.06476812288,5.0,5.0
28053,53.457008838653564,9592,19.0014515986432,5.0,5.0
28055,53.462756633758545,9592,25.20116127891456,5.0,5.0
28056,53.46430468559265,9592,30.16092902313165,5.0,5.0
28057,53.46586608886719,9592,34.12874321850532,5.0,5.0
28060,53.47019982337952,9592,17.473916527874728,5.0,5.0
28063,53.47458624839783,9592,21.18330657783983,5.0,5.0
28070,53.488914251327515,9592,8.676682374283196,5.0,5.0
28080,53.51232933998108,9592,5.0,5.0,5.0
28090,53.54319739341736,9592,5.0,5.0,5.0
28100,53.56133842468262,9592,5.0,5.0,5.0
28110,53.59124135971069,9592,5.0,5.0,5.0
28120,53.62519335746765,9592,5.0,5.0,5.0
28130,53.651043176651,9592,5.0,5.0,5.0
28131,53.652726888656616,9592,14.0,5.0,5.0
28138,53.67630076408386,9592,17.168,5.0,5.0
28140,53.680959701538086,9592,17.168,5.0,5.0
28142,53.684160232543945,9592,20.987520000000004,5.0,5.0
28147,53.69130730628967,9592,16.877190553600002,5.0,5.0
28149,53.69433403015137,9592,20.801401954304005,5.0,5.0
28150,53.69555187225342,9592,20.801401954304005,5.0,5.0
28160,53.71054673194885,9592,5.0,5.0,5.0
28170,53.7345871925354,9592,5.0,5.0,5.0
28172,53.74000120162964,9592,14.0,5.0,5.0
28174,53.74304723739624,9592,18.96,5.0,5.0
28180,53.75634789466858,9592,7.766016000000002,5.0,5.0
28189,53.7765326499939,9592,14.0,5.0,5.0
28190,53.77790951728821,9592,11.200000000000001,5.0,5.0
28200,53.8092474937439,9592,5.734400000000001,5.0,5.0
28205,53.81898355484009,9592,14.0,5.0,5.0
28210,53.830936431884766,9592,7.168000000000001,5.0,5.0
28220,53.85198450088501,9592,5.0,5.0,5.0
28230,53.879743814468384,9592,5.0,5.0,5.0
28240,53.89741659164429,9592,5.0,5.0,5.0
28245,53.906559467315674,9592,14.0,5.0,5.0
28250,53.92234134674072,9592,11.200000000000001,5.0,5.0
28260,53.945082902908325,9592,5.734400000000001,5.0,5.0
28264,53.955581188201904,9592,14.587520000000001,5.0,5.0
28267,53.96241736412048,9592,19.336012800000002,5.0,5.0
28270,53.96865439414978,9592,12.375048192000003,5.0,5.0
28280,53.9868700504303,9592,5.0,5.0,5.0
28290,54.00076961517334,9592,5.0,5.0,5.0
28300,54.0180299282074,9592,5.0,5.0,5.0
28302,54.02091026306152,9592,14.0,5.0,5.0
28310,54.03383755683899,9592,14.587520000000001,5.0,5.0
28314,54.03936195373535,9592,17.468810240000003,5.0,5.0
28318,54.04486060142517,9592,18.944030842880004,5.0,5.0
28320,54.04741072654724,9592,15.155224674304003,5.0,5.0
28330,54.07183766365051,9592,7.759475033243651,5.0,5.0
28331,54.07353067398071,9592,16.207580026594922,5.0,5.0
28332,54.075082540512085,9592,22.96606402127594,5.0,5.0
28340,54.08516502380371,9592,9.406899823114626,5.0,5.0
28350,54.107635498046875,9592,14.0,5.0,5.0
28351,54.10921120643616,9592,21.200000000000003,5.0,5.0
28354,54.11354994773865,9592,20.854400000000005,5.0,5.0
28360,54.123573780059814,9592,8.541962240000004,5.0,5.0
28364,54.13168120384216,9592,14.373484666880003,5.0,5.0
28370,54.14949655532837,9592,9.199030186803203,5.0,5.0
28380,54.16516590118408,9592,5.0,5.0,5.0
28390,54.18186163902283,9592,5.0,5.0,5.0
28400,54.213130235672,9592,5.0,5.0,5.0
28406,54.22778820991516,9592,14.0,5.0,5.0
28410,54.24000811576843,9592,14.0,5.0,5.0
28411,54.24199438095093,9592,21.200000000000003,5.0,5.0
28420,54.26168608665466,9592,8.683520000000005,5.0,5.0
28423,54.268487215042114,9592,16.946816000000005,5.0,5.0
28430,54.283451557159424,9592,20.845962240000006,5.0,5.0
28437,54.30268692970276,9592,16.830804906803202,5.0,5.0
28439,54.305781841278076,9592,20.77171514035405,5.0,5.0
28440,54.30697178840637,9592,20.77171514035405,5.0,5.0
28450,54.328819274902344,9592,6.806475617191217,5.0,5.0
28451,54.330392599105835,9592,15.445180493752975,5.0,5.0
28460,54.34610915184021,9592,9.884915516001906,5.0,5.0
28467,54.36605429649353,9592,14.048861395354383,5.0,5.0
28470,54.370763063430786,9592,8.991271293026806,5.0,5.0
28473,54.37791681289673,9592,15.754413627537156,5.0,5.0
28475,54.38112735748291,9592,20.08282472162378,5.0,5.0
28480,54.38790965080261,9592,10.282406257471377,5.0,5.0
28490,54.406455755233765,9592,5.264592003825346,5.0,5.0
28493,54.41079115867615,9592,14.0,5.0,5.0
28498,54.420807123184204,9592,18.96,5.0,5.0
28499,54.42248845100403,9592,25.168,5.0,5.0
28500,54.423885107040405,9592,20.1344,5.0,5.0
28508,54.44068145751953,9592,16.597640192,5.0,5.0
28510,54.44591474533081,9592,13.2781121536,5.0,5.0
28520,54.465683937072754,9592,5.0,5.0,5.0
28530,54.49122357368469,9592,5.0,5.0,5.0
28540,54.51468753814697,9592,5.0,5.0,5.0
28543,54.52481436729431,9592,14.0,5.0,5.0
28550,54.54285430908203,9592,5.734400000000001,5.0,5.0
28555,54.555580615997314,9592,14.0,5.0,5.0
28560,54.564626932144165,9592,8.96,5.0,5.0
28565,54.57596731185913,9592,14.587520000000001,5.0,5.0
28568,54.583211183547974,9592,21.670016000000004,5.0,5.0
28570,54.588592529296875,9592,21.670016000000004,5.0,5.0
28574,54.59712791442871,9592,23.868810240000002,5.0,5.0
28575,54.598753452301025,9592,29.095048192000004,5.0,5.0
28579,54.604055881500244,9592,21.917331739443206,5.0,5.0
28580,54.60540318489075,9592,17.533865391554567,5.0,5.0
28587,54.619279861450195,9592,18.977339080475943,5.0,5.0
28590,54.623023986816406,9592,12.145497011504604,5.0,5.0
28600,54.64225482940674,9592,5.0,5.0,5.0
28601,54.6439368724823,9592,14.0,5.0,5.0
28610,54.65713858604431,9592,5.0,5.0,5.0
28612,54.65974736213684,9592,14.0,5.0,5.0
28613,54.66130018234253,9592,21.200000000000003,5.0,5.0
28620,54.676366567611694,9592,8.683520000000005,5.0,5.0
28630,54.69784641265869,9592,5.0,5.0,5.0
28633,54.70491552352905,9592,14.0,5.0,5.0
28635,54.70780301094055,9592,18.96,5.0,5.0
28640,54.71908211708069,9592,12.134400000000001,5.0,5.0
28645,54.72574710845947,9592,16.212812800000002,5.0,5.0
28650,54.73223042488098,9592,10.376200192000002,5.0,5.0
28660,54.74722623825073,9592,6.640768122880002,5.0,5.0
28666,54.75529932975769,9592,14.250091598643202,5.0,5.0
28670,54.76562476158142,9592,11.400073278914562,5.0,5.0
28680,54.78419756889343,9592,5.8368375188042565,5.0,5.0
28684,54.792577505111694,9592,14.0,5.0,5.0
28690,54.80322861671448,9592,8.96,5.0,5.0
28700,54.83149528503418,9592,5.734400000000001,5.0,5.0
28710,54.85833525657654,9592,5.0,5.0,5.0
28719,54.87798285484314,9592,14.0,5.0,5.0
28720,54.87879204750061,9592,14.0,5.0,5.0
28729,54.90303707122803,9592,14.587520000000001,5.0,5.0
28730,54.90440368652344,9592,11.670016000000002,5.0,5.0
28740,54.92266225814819,9592,5.0,5.0,5.0
28750,54.94565486907959,9592,5.0,5.0,5.0
28760,54.96864581108093,9592,5.0,5.0,5.0
28770,54.99202227592468,9592,5.0,5.0,5.0
28778,55.01024889945984,9592,14.0,5.0,5.0
28780,55.015427112579346,9592,11.200000000000001,5.0,5.0
28781,55.017104625701904,9592,18.96,5.0,5.0
28790,55.03883099555969,9592,7.766016000000002,5.0,5.0
28800,55.05147743225098,9592,14.0,5.0,5.0
28801,55.053006649017334,9592,21.200000000000003,5.0,5.0
28808,55.067078828811646,9592,20.854400000000005,5.0,5.0
28810,55.06974911689758,9592,16.683520000000005,5.0,5.0
28820,55.094754695892334,9592,6.833569792000003,5.0,5.0
28822,55.09989595413208,9592,15.466855833600004,5.0,5.0
28825,55.1064977645874,9592,19.898787733504,5.0,5.0
28830,55.11757683753967,9592,10.18817931955405,5.0,5.0
28831,55.119136571884155,9592,18.15054345564324,5.0,5.0
28840,55.13122844696045,9592,5.0,5.0,5.0
28843,55.13550281524658,9592,14.0,5.0,5.0
28850,55.144959926605225,9592,5.0,5.0,5.0
28860,55.161673069000244,9592,5.0,5.0,5.0
28870,55.187830448150635,9592,5.0,5.0,5.0
28878,55.203503370285034,9592,14.0,5.0,5.0
28879,55.205031394958496,9592,21.200000000000003,5.0,5.0
28880,55.20630431175232,9592,16.960000000000004,5.0,5.0
28890,55.2240047454834,9592,5.557452800000004,5.0,5.0
28900,55.241432428359985,9592,5.0,5.0,5.0
28910,55.26381754875183,9592,14.0,5.0,5.0
28920,55.27947688102722,9592,14.0,5.0,5.0
28922,55.28226661682129,9592,21.200000000000003,5.0,5.0
28928,55.29309630393982,9592,18.683520000000005,5.0,5.0
28929,55.29470705986023,9592,24.946816000000005,5.0,5.0
28930,55.2961962223053,9592,29.957452800000006,5.0,5.0
28937,55.31035280227661,9592,22.270572666880007,5.0,5.0
28940,55.31436800956726,9592,14.253166506803206,5.0,5.0
28941,55.31594753265381,9592,21.402533205442566,5.0,5.0
28944,55.32004117965698,9592,23.697621251483245,5.0,5.0
28947,55.3245165348053,9592,22.133182080759426,5.0,5.0
28950,55.32851195335388,9592,14.165236531686034,5.0,5.0
28956,55.33926820755005,9592,14.64166470670288,5.0,5.0
28960,55.34716987609863,9592,7.496532329831876,5.0,5.0
28961,55.348756074905396,9592,15.997225863865502,5.0,5.0
28962,55.35027050971985,9592,22.797780691092402,5.0,5.0
28970,55.36309218406677,9592,5.976301421485729,5.0,5.0
28974,55.36846113204956,9592,14.781041137188584,5.0,5.0
28979,55.37788105010986,9592,19.459866327800697,5.0,5.0
28980,55.379189014434814,9592,15.567893062240557,5.0,5.0
28985,55.386577129364014,9592,15.101287198634987,5.0,5.0
28990,55.39575743675232,9592,9.664823807126393,5.0,5.0
28991,55.397422790527344,9592,17.731859045701114,5.0,5.0
29000,55.40887212753296,9592,5.810375572095342,5.0,5.0
29002,55.414021015167236,9592,14.648300457676275,5.0,5.0
29010,55.432194232940674,9592,5.999943867464203,5.0,5.0
29020,55.45274329185486,9592,5.0,5.0,5.0
29022,55.455676555633545,9592,14.0,5.0,5.0
29030,55.46949863433838,9592,5.734400000000001,5.0,5.0
29038,55.485809326171875,9592,14.0,5.0,5.0
29039,55.487393617630005,9592,21.200000000000003,5.0,5.0
29040,55.48835229873657,9592,16.960000000000004,5.0,5.0
29050,55.50506925582886,9592,5.557452800000004,5.0,5.0
29053,55.509252071380615,9592,14.445962240000004,5.0,5.0
29055,55.51225280761719,9592,21.556769792000004,5.0,5.0
29059,55.52038288116455,9592,23.796332666880005,5.0,5.0
29060,55.52194309234619,9592,29.037066133504005,5.0,5.0
29063,55.526607275009155,9592,24.866977860354055,5.0,5.0
29070,55.55148482322693,9592,12.731892664501277,5.0,5.0
29073,55.55587601661682,9592,18.148411305280817,5.0,5.0
29080,55.57281732559204,9592,9.29198658830378,5.0,5.0
29082,55.57657313346863,9592,15.94687141651442,5.0,5.0
29090,55.589844703674316,9592,16.531838532204308,5.0,5.0
29096,55.60253953933716,9592,18.46430132848861,5.0,5.0
29100,55.61017966270447,9592,11.817152850232711,5.0,5.0
29106,55.61843252182007,9592,14.84030580745532,5.0,5.0
29110,55.62742328643799,9592,9.497795716771405,5.0,5.0
29116,55.6405131816864,9592,14.862871406986962,5.0,5.0
29120,55.64785695075989,9592,9.512237700471657,5.0,5.0
29130,55.67116570472717,9592,5.0,5.0,5.0
29140,55.693286180496216,9592,14.0,5.0,5.0
29143,55.697656869888306,9592,18.96,5.0,5.0
29144,55.69915437698364,9592,25.168,5.0,5.0
29150,55.7147262096405,9592,12.886016000000001,5.0,5.0
29159,55.737332344055176,9592,18.24705024,5.0,5.0
29160,55.73874759674072,9592,14.597640192,5.0,5.0
29164,55.747021436691284,9592,21.6781121536,5.0,5.0
29170,55.757184982299805,9592,11.099193422643202,5.0,5.0
29180,55.77433228492737,9592,5.0,5.0,5.0
29189,55.79425549507141,9592,14.0,5.0,5.0
29190,55.795443058013916,9592,14.0,5.0,5.0
29200,55.8189263343811,9592,5.0,5.0,5.0
29210,55.84286975860596,9592,5.0,5.0,5.0
29217,55.858808755874634,9592,14.0,5.0,5.0
29220,55.86286759376526,9592,8.96,5.0,5.0
29222,55.86586308479309,9592,15.7344,5.0,5.0
29224,55.8711793422699,9592,22.58752,5.0,5.0
29230,55.884387254714966,9592,9.251848192000002,5.0,5.0
29240,55.905118227005005,9592,5.0,5.0,5.0
29250,55.932756423950195,9592,5.0,5.0,5.0
29260,55.95754098892212,9592,5.0,5.0,5.0
29270,55.97937202453613,9592,14.0,5.0,5.0
29276,55.98848533630371,9592,14.587520000000001,5.0,5.0
29280,55.997116565704346,9592,7.4688102400000025,5.0,5.0
29289,56.01681399345398,9592,14.0,5.0,5.0
29290,56.02044868469238,9592,14.0,5.0,5.0
29292,56.02350425720215,9592,18.96,5.0,5.0
29293,56.02519464492798,9592,25.168,5.0,5.0
29300,56.034832239151,9592,8.247050240000002,5.0,5.0
29310,56.05473065376282,9592,5.0,5.0,5.0
29320,56.069415807724,9592,5.0,5.0,5.0
29330,56.08946394920349,9592,5.0,5.0,5.0
29340,56.11143350601196,9592,5.0,5.0,5.0
29342,56.11667251586914,9592,14.0,5.0,5.0
29344,56.119527101516724,9592,21.200000000000003,5.0,5.0
29346,56.121886014938354,9592,26.960000000000004,5.0,5.0
29350,56.132030725479126,9592,17.254400000000004,5.0,5.0
29360,56.15245985984802,9592,7.067402240000003,5.0,5.0
29370,56.173728466033936,9592,5.0,5.0,5.0
29380,56.198734998703,9592,5.0,5.0,5.0
29390,56.217870235443115,9592,5.0,5.0,5.0
29391,56.21963953971863,9592,14.0,5.0,5.0
29400,56.24291634559631,9592,8.96,5.0,5.0
29410,56.26153206825256,9592,5.0,5.0,5.0
29415,56.273181200027466,9592,14.0,5.0,5.0
29419,56.281494140625,9592,17.168,5.0,5.0
29420,56.2830867767334,9592,23.7344,5.0,5.0
29425,56.289127826690674,9592,22.1520128,5.0,5.0
29430,56.29834175109863,9592,9.07346444288,5.0,5.0
29431,56.30003023147583,9592,17.258771554304,5.0,5.0
29440,56.32010817527771,9592,7.069192828642921,5.0,5.0
29450,56.342106342315674,9592,5.6553542629143365,5.0,5.0
29458,56.357805013656616,9592,14.0,5.0,5.0
29460,56.36285066604614,9592,11.200000000000001,5.0,5.0
29464,56.371063470840454,9592,17.168,5.0,5.0
29468,56.37935161590576,9592,20.987520000000004,5.0,5.0
29470,56.38241004943848,9592,23.432012800000003,5.0,5.0
29480,56.39866256713867,9592,5.0,5.0,5.0
29490,56.41737604141235,9592,5.0,5.0,5.0
29500,56.43354678153992,9592,5.0,5.0,5.0
29504,56.44134545326233,9592,14.0,5.0,5.0
29508,56.44958686828613,9592,18.96,5.0,5.0
29510,56.45255088806152,9592,12.134400000000001,5.0,5.0
29515,56.46504521369934,9592,16.212812800000002,5.0,5.0
29520,56.474143981933594,9592,10.376200192000002,5.0,5.0
29530,56.49934196472168,9592,14.250091598643202,5.0,5.0
29535,56.51108646392822,9592,17.29604689850532,5.0,5.0
29537,56.51414465904236,9592,21.069470015043407,5.0,5.0
29540,56.52065348625183,9592,13.484460809627784,5.0,5.0
29541,56.52227067947388,9592,20.78756864770223,5.0,5.0
29542,56.523794412612915,9592,26.630054918161786,5.0,5.0
29546,56.53117394447327,9592,27.043235147623545,5.0,5.0
29550,56.541486740112305,9592,17.30767049447907,5.0,5.0
29560,56.56648349761963,9592,8.861527293173285,5.0,5.0
29563,56.57599949836731,9592,17.089221834538627,5.0,5.0
29570,56.58977460861206,9592,14.479836968593297,5.0,5.0
29580,56.61275839805603,9592,5.0,5.0,5.0
29590,56.631948709487915,9592,14.0,5.0,5.0
29591,56.633485317230225,9592,21.200000000000003,5.0,5.0
29600,56.649739503860474,9592,5.557452800000004,5.0,5.0
29606,56.65985894203186,9592,14.0,5.0,5.0
29610,56.665217876434326,9592,17.168,5.0,5.0
29615,56.67698359489441,9592,18.790016,5.0,5.0
29620,56.695494651794434,9592,12.025610240000002,5.0,5.0
29630,56.72060489654541,9592,6.157112442880003,5.0,5.0
29636,56.7308931350708,9592,14.0,5.0,5.0
29638,56.7363018989563,9592,21.200000000000003,5.0,5.0
29640,56.73918533325195,9592,13.568000000000005,5.0,5.0
29650,56.752721309661865,9592,5.0,5.0,5.0
29651,56.754390001297,9592,14.0,5.0,5.0
29660,56.77344536781311,9592,5.734400000000001,5.0,5.0
29661,56.775238275527954,9592,14.587520000000001,5.0,5.0
29670,56.79893732070923,9592,7.4688102400000025,5.0,5.0
29680,56.81914162635803,9592,5.0,5.0,5.0
29690,56.83663892745972,9592,5.0,5.0,5.0
29700,56.86147403717041,9592,5.0,5.0,5.0
29704,56.869611978530884,9592,14.0,5.0,5.0
29709,56.88421010971069,9592,15.7344,5.0,5.0
29710,56.88590931892395,9592,22.58752,5.0,5.0
29711,56.88747692108154,9592,28.070016000000003,5.0,5.0
29720,56.90414094924927,9592,9.197982842880002,5.0,5.0
29729,56.921159982681274,9592,14.709367215554561,5.0,5.0
29730,56.92239594459534,9592,14.709367215554561,5.0,5.0
29740,56.937891483306885,9592,5.0,5.0,5.0
29746,56.95086050033569,9592,14.0,5.0,5.0
29747,56.95649552345276,9592,21.200000000000003,5.0,5.0
29748,56.95908808708191,9592,26.960000000000004,5.0,5.0
29750,56.96453595161438,9592,21.568000000000005,5.0,5.0
29752,56.9676468372345,9592,27.254400000000004,5.0,5.0
29760,56.98139023780823,9592,8.930721792000003,5.0,5.0
29761,56.98304557800293,9592,17.144577433600002,5.0,5.0
29770,57.001139402389526,9592,5.617935133442051,5.0,5.0
29780,57.0263237953186,9592,14.0,5.0,5.0
29788,57.04572534561157,9592,17.168,5.0,5.0
29790,57.05098009109497,9592,23.7344,5.0,5.0
29797,57.068498373031616,9592,22.1520128,5.0,5.0
29800,57.07268714904785,9592,11.341830553600001,5.0,5.0
29801,57.07443332672119,9592,19.073464442880002,5.0,5.0
29807,57.08320713043213,9592,16.249992828642924,5.0,5.0
29810,57.08651280403137,9592,10.399995410331472,5.0,5.0
29820,57.10461664199829,9592,5.0,5.0,5.0
29830,57.12778162956238,9592,5.0,5.0,5.0
29840,57.150206089019775,9592,5.0,5.0,5.0
29843,57.15782070159912,9592,14.0,5.0,5.0
29850,57.17247986793518,9592,5.0,5.0,5.0
29854,57.18312907218933,9592,14.0,5.0,5.0
29860,57.195661783218384,9592,5.734400000000001,5.0,5.0
29870,57.20883059501648,9592,5.0,5.0,5.0
29880,57.23120379447937,9592,5.0,5.0,5.0
29890,57.25042510032654,9592,5.0,5.0,5.0
29900,57.26820087432861,9592,5.0,5.0,5.0
29903,57.27211856842041,9592,14.0,5.0,5.0
29910,57.284059286117554,9592,5.0,5.0,5.0
29912,57.28941011428833,9592,14.0,5.0,5.0
29915,57.29707956314087,9592,18.96,5.0,5.0
29920,57.30618381500244,9592,12.134400000000001,5.0,5.0
29921,57.30783152580261,9592,19.707520000000002,5.0,5.0
29926,57.3202006816864,9592,22.6128128,5.0,5.0
29930,57.32967495918274,9592,18.09025024,5.0,5.0
29935,57.34139323234558,9592,19.262208122880004,5.0,5.0
29940,57.35118246078491,9592,7.889800447131652,5.0,5.0
29950,57.375043630599976,9592,14.0,5.0,5.0
29953,57.38241267204285,9592,18.96,5.0,5.0
29960,57.393336057662964,9592,7.766016000000002,5.0,5.0
29961,57.39499282836914,9592,16.212812800000002,5.0,5.0
29970,57.41693305969238,9592,6.640768122880002,5.0,5.0
29980,57.436200857162476,9592,6.640768122880002,5.0,5.0
29986,57.449323415756226,9592,14.0,5.0,5.0
29990,57.457191944122314,9592,18.96,5.0,5.0
29991,57.458893060684204,9592,25.168,5.0,5.0
29997,57.46634912490845,9592,20.308812800000002,5.0,5.0
30000,57.47006797790527,9592,12.997640192000004,5.0,5.0
30010,57.4916558265686,9592,5.0,5.0,5.0
30015,57.50313878059387,9592,14.0,5.0,5.0
30016,57.50473499298096,9592,21.200000000000003,5.0,5.0
30020,57.510539293289185,9592,10.854400000000005,5.0,5.0
30023,57.51493215560913,9592,16.946816000000005,5.0,5.0
30030,57.530202865600586,9592,8.676769792000005,5.0,5.0
30039,57.5472469329834,9592,14.0,5.0,5.0
30040,57.54864430427551,9592,11.200000000000001,5.0,5.0
30050,57.56660580635071,9592,5.0,5.0,5.0
30060,57.589487075805664,9592,5.0,5.0,5.0
30070,57.605297803878784,9592,5.0,5.0,5.0
30080,57.62778639793396,9592,5.0,5.0,5.0
30090,57.64632439613342,9592,14.0,5.0,5.0
30091,57.64800453186035,9592,21.200000000000003,5.0,5.0
30100,57.6622998714447,9592,8.683520000000005,5.0,5.0
30110,57.683104515075684,9592,5.0,5.0,5.0
30120,57.699713945388794,9592,14.0,5.0,5.0
30124,57.70993757247925,9592,18.96,5.0,5.0
30130,57.720149993896484,9592,9.707520000000002,5.0,5.0
30140,57.735140562057495,9592,5.0,5.0,5.0
30150,57.75293183326721,9592,5.0,5.0,5.0
30153,57.757022857666016,9592,14.0,5.0,5.0
30160,57.77395677566528,9592,5.734400000000001,5.0,5.0
30170,57.80409550666809,9592,5.0,5.0,5.0
30180,57.828364610672,9592,14.0,5.0,5.0
30190,57.856722354888916,9592,7.168000000000001,5.0,5.0
30198,57.8725860118866,9592,14.0,5.0,5.0
30200,57.877262592315674,9592,14.0,5.0,5.0
30201,57.87894606590271,9592,21.200000000000003,5.0,5.0
30203,57.88202524185181,9592,23.568000000000005,5.0,5.0
30206,57.8864905834198,9592,22.066816000000003,5.0,5.0
30210,57.894936323165894,9592,11.298209792000003,5.0,5.0
30220,57.91565537452698,9592,5.784683413504003,5.0,5.0
30226,57.927000522613525,9592,14.0,5.0,5.0
30227,57.92860555648804,9592,21.200000000000003,5.0,5.0
30230,57.9323365688324,9592,10.854400000000005,5.0,5.0
30232,57.935214042663574,9592,18.683520000000005,5.0,5.0
30240,57.947733879089355,9592,11.957452800000006,5.0,5.0
30250,57.972412109375,9592,5.0,5.0,5.0
30260,57.99449324607849,9592,5.0,5.0,5.0
30270,58.01818656921387,9592,5.0,5.0,5.0
30273,58.02283310890198,9592,14.0,5.0,5.0
30278,58.029885053634644,9592,17.168,5.0,5.0
30280,58.03279232978821,9592,23.7344,5.0,5.0
30288,58.046061277389526,9592,19.721610240000004,5.0,5.0
30290,58.048712968826294,9592,15.777288192000004,5.0,5.0
30296,58.06165862083435,9592,18.077971554304003,5.0,5.0
30297,58.063183069229126,9592,24.462377243443203,5.0,5.0
30300,58.067293882369995,9592,12.524737148642922,5.0,5.0
30302,58.070289611816406,9592,20.01978971891434,5.0,5.0
30310,58.08626580238342,9592,8.200105868867315,5.0,5.0
30312,58.092024087905884,9592,16.560084695093853,5.0,5.0
30315,58.09645438194275,9592,20.59845420486007,5.0,5.0
30318,58.10350251197815,9592,23.183010691110447,5.0,5.0
30320,58.109012842178345,9592,18.54640855288836,5.0,5.0
30324,58.1200966835022,9592,21.86970147384855,5.0,5.0
30330,58.13168978691101,9592,17.166263778950693,5.0,5.0
30331,58.13327383995056,9592,23.733011023160557,5.0,5.0
30334,58.13755917549133,9592,25.189127054822755,5.0,5.0
30338,58.146090507507324,9592,30.151301643858204,5.0,5.0
30340,58.14891600608826,9592,19.296833052069253,5.0,5.0
30350,58.165287017822266,9592,6.323186254502054,5.0,5.0
30360,58.184391021728516,9592,5.0,5.0,5.0
30361,58.18602132797241,9592,14.0,5.0,5.0
30364,58.19029402732849,9592,18.96,5.0,5.0
30370,58.20107436180115,9592,17.766016,5.0,5.0
30376,58.21617531776428,9592,21.370250240000004,5.0,5.0
30380,58.22691059112549,9592,13.676960153600005,5.0,5.0
30381,58.228527784347534,9592,20.941568122880007,5.0,5.0
30390,58.241257429122925,9592,5.0,5.0,5.0
30400,58.27328276634216,9592,5.0,5.0,5.0
30406,58.28197884559631,9592,14.0,5.0,5.0
30410,58.28724241256714,9592,7.168000000000001,5.0,5.0
30420,58.3152129650116,9592,5.0,5.0,5.0
30422,58.32069134712219,9592,14.0,5.0,5.0
30430,58.34410357475281,9592,15.7344,5.0,5.0
30440,58.3674635887146,9592,6.4448102400000025,5.0,5.0
30447,58.38781261444092,9592,14.124678553600003,5.0,5.0
30450,58.394954681396484,9592,11.299742842880002,5.0,5.0
30453,58.40183901786804,9592,19.039794274304,5.0,5.0
30456,58.406322717666626,9592,22.18546833555456,5.0,5.0
30460,58.41413998603821,9592,14.19869973475492,5.0,5.0
30470,58.44291353225708,9592,7.26973426419452,5.0,5.0
30480,58.46439743041992,9592,5.0,5.0,5.0
30483,58.480785846710205,9592,14.0,5.0,5.0
30490,58.49579572677612,9592,7.168000000000001,5.0,5.0
30500,58.529088258743286,9592,5.0,5.0,5.0
30502,58.53226184844971,9592,14.0,5.0,5.0
30504,58.53528881072998,9592,18.96,5.0,5.0
30510,58.547839403152466,9592,12.134400000000001,5.0,5.0
30520,58.5678768157959,9592,5.0,5.0,5.0
30530,58.59072732925415,9592,5.0,5.0,5.0
30540,58.60943031311035,9592,5.0,5.0,5.0
30541,58.61113166809082,9592,14.0,5.0,5.0
30550,58.62542152404785,9592,5.0,5.0,5.0
30551,58.62717914581299,9592,14.0,5.0,5.0
30557,58.63569164276123,9592,15.7344,5.0,5.0
30560,58.63995814323425,9592,20.070016000000003,5.0,5.0
30561,58.6415491104126,9592,26.0560128,5.0,5.0
30568,58.65149521827698,9592,18.538034274304003,5.0,5.0
30570,58.65425896644592,9592,11.864341935554563,5.0,5.0
30577,58.66712284088135,9592,16.074543071003937,5.0,5.0
30578,58.66902160644531,9592,22.85963445680315,5.0,5.0
30579,58.67073106765747,9592,28.28770756544252,5.0,5.0
30580,58.672203540802,9592,22.630166052354017,5.0,5.0
30584,58.678444147109985,9592,19.269316015044204,5.0,5.0
30590,58.69160270690918,9592,7.892711839762107,5.0,5.0
30595,58.700785398483276,9592,15.051335577447748,5.0,5.0
30600,58.7099130153656,9592,9.63285476956656,5.0,5.0
30605,58.719465255737305,9592,16.1650270525226,5.0,5.0
30610,58.72840404510498,9592,10.345617313614465,5.0,5.0
30613,58.73291230201721,9592,16.621195080713257,5.0,5.0
30618,58.745222091674805,9592,20.637564851656485,5.0,5.0
30620,58.74816274642944,9592,26.51005188132519,5.0,5.0
30627,58.767657995224,9592,23.5731465632385,5.0,5.0
30630,58.77396273612976,9592,15.08681380047264,5.0,5.0
30637,58.79212307929993,9592,16.179558932673594,5.0,5.0
30640,58.7962806224823,9592,10.354917716911102,5.0,5.0
30643,58.8028028011322,9592,16.627147338823107,5.0,5.0
30650,58.819541931152344,9592,6.810479549981946,5.0,5.0
30653,58.825934648513794,9592,14.358706911988445,5.0,5.0
30660,58.839298248291016,9592,7.351657938938086,5.0,5.0
30667,58.851102352142334,9592,14.0,5.0,5.0
30669,58.85427975654602,9592,18.96,5.0,5.0
30670,58.855496883392334,9592,18.96,5.0,5.0
30672,58.8663604259491,9592,25.168,5.0,5.0
30674,58.86963963508606,9592,26.10752,5.0,5.0
30680,58.88095712661743,9592,10.693640192000002,5.0,5.0
30687,58.90353727340698,9592,14.380115022643203,5.0,5.0
30690,58.913328409194946,9592,11.504092018114562,5.0,5.0
30692,58.918792963027954,9592,19.20327361449165,5.0,5.0
30693,58.92048001289368,9592,25.36261889159332,5.0,5.0
30700,58.93655562400818,9592,8.310822958397301,5.0,5.0
30710,58.96342468261719,9592,5.0,5.0,5.0
30720,58.98359823226929,9592,5.0,5.0,5.0
30730,59.007174253463745,9592,5.0,5.0,5.0
30734,59.01567029953003,9592,14.0,5.0,5.0
30740,59.03257489204407,9592,8.96,5.0,5.0
30744,59.042792320251465,9592,15.7344,5.0,5.0
30745,59.04461646080017,9592,22.58752,5.0,5.0
30750,59.051785469055176,9592,9.251848192000002,5.0,5.0
30752,59.05499482154846,9592,15.921182842880002,5.0,5.0
30760,59.07482075691223,9592,12.736946274304003,5.0,5.0
30761,59.07667946815491,9592,20.189557019443203,5.0,5.0
30769,59.091068983078,9592,15.292571235304923,5.0,5.0
30770,59.09242510795593,9592,15.292571235304923,5.0,5.0
30780,59.11036968231201,9592,5.011069742384719,5.0,5.0
30790,59.13443398475647,9592,5.0,5.0,5.0
30800,59.15826106071472,9592,5.0,5.0,5.0
30806,59.170618534088135,9592,14.0,5.0,5.0
30810,59.18397235870361,9592,7.168000000000001,5.0,5.0
30820,59.20766639709473,9592,5.0,5.0,5.0
30830,59.227280616760254,9592,5.0,5.0,5.0
30837,59.24570870399475,9592,14.0,5.0,5.0
30840,59.2521448135376,9592,8.96,5.0,5.0
30842,59.25517535209656,9592,17.168,5.0,5.0
30850,59.272998094558716,9592,7.032012800000001,5.0,5.0
30860,59.29671335220337,9592,5.0,5.0,5.0
30870,59.326229095458984,9592,5.0,5.0,5.0
30880,59.35041165351868,9592,5.0,5.0,5.0
30884,59.358941316604614,9592,14.0,5.0,5.0
30890,59.375380516052246,9592,17.168,5.0,5.0
30900,59.39415216445923,9592,5.625610240000001,5.0,5.0
30903,59.40394616127014,9592,14.500488192000002,5.0,5.0
30909,59.414512157440186,9592,14.751519970754561,5.0,5.0
30910,59.418290853500366,9592,14.751519970754561,5.0,5.0
30915,59.42852544784546,9592,17.552778225026337,5.0,5.0
30920,59.434685468673706,9592,11.233778064016857,5.0,5.0
30921,59.43636918067932,9592,18.987022451213484,5.0,5.0
30930,59.455260276794434,9592,7.777084396017045,5.0,5.0
30933,59.461212158203125,9592,16.221667516813636,5.0,5.0
30936,59.465702056884766,9592,18.305493768608585,5.0,5.0
30940,59.473572969436646,9592,11.715516011909495,5.0,5.0
30950,59.500553607940674,9592,5.0,5.0,5.0
30953,59.50534439086914,9592,14.0,5.0,5.0
30954,59.50696635246277,9592,21.200000000000003,5.0,5.0
30960,59.51730298995972,9592,10.854400000000005,5.0,5.0
30965,59.52706265449524,9592,16.946816000000005,5.0,5.0
30970,59.53405022621155,9592,8.676769792000005,5.0,5.0
30980,59.552294969558716,9592,6.941415833600004,5.0,5.0
30981,59.55398893356323,9592,15.553132666880003,5.0,5.0
30990,59.569035053253174,9592,5.0,5.0,5.0
31000,59.59621810913086,9592,5.0,5.0,5.0
31009,59.61854434013367,9592,14.0,5.0,5.0
31010,59.619539976119995,9592,11.200000000000001,5.0,5.0
31016,59.63277792930603,9592,15.7344,5.0,5.0
31020,59.64279770851135,9592,15.7344,5.0,5.0
31030,59.659053564071655,9592,5.155848192000002,5.0,5.0
31037,59.68798112869263,9592,14.0,5.0,5.0
31040,59.6929886341095,9592,8.96,5.0,5.0
31045,59.71022343635559,9592,15.7344,5.0,5.0
31047,59.71571135520935,9592,22.58752,5.0,5.0
31050,59.724318981170654,9592,18.070016000000003,5.0,5.0
31055,59.731691122055054,9592,19.251848192000004,5.0,5.0
31060,59.74063968658447,9592,15.401478553600004,5.0,5.0
31063,59.74953007698059,9592,22.321182842880006,5.0,5.0
31066,59.758504152297974,9592,27.856946274304004,5.0,5.0
31070,59.764225006103516,9592,17.828445615554564,5.0,5.0
31074,59.77452731132507,9592,24.26275649244365,5.0,5.0
31080,59.78521537780762,9592,7.950420047443938,5.0,5.0
31090,59.81592845916748,9592,5.088268830364121,5.0,5.0
31097,59.83374786376953,9592,14.0,5.0,5.0
31100,59.842626094818115,9592,11.200000000000001,5.0,5.0
31110,59.86108136177063,9592,5.0,5.0,5.0
31112,59.86629033088684,9592,14.0,5.0,5.0
31117,59.875489950180054,9592,17.168,5.0,5.0
31119,59.87860369682312,9592,20.987520000000004,5.0,5.0
31120,59.879942417144775,9592,16.790016000000005,5.0,5.0
31121,59.88157343864441,9592,23.432012800000003,5.0,5.0
31130,59.90283823013306,9592,6.142561563443201,5.0,5.0
31140,59.92828702926636,9592,5.0,5.0,5.0
31149,59.94519853591919,9592,14.0,5.0,5.0
31150,59.9485080242157,9592,14.0,5.0,5.0
31160,59.97599744796753,9592,7.168000000000001,5.0,5.0
31167,59.9926483631134,9592,14.0,5.0,5.0
31170,60.00169920921326,9592,11.200000000000001,5.0,5.0
31180,60.02639675140381,9592,7.168000000000001,5.0,5.0
31190,60.05567288398743,9592,5.734400000000001,5.0,5.0
31191,60.05733823776245,9592,14.587520000000001,5.0,5.0
31192,60.05891990661621,9592,21.670016000000004,5.0,5.0
31193,60.06049680709839,9592,27.336012800000002,5.0,5.0
31200,60.07137131690979,9592,8.957464674304003,5.0,5.0
31210,60.08720850944519,9592,5.0,5.0,5.0
31220,60.10324263572693,9592,5.0,5.0,5.0
31229,60.11606478691101,9592,14.0,5.0,5.0
31230,60.11746406555176,9592,11.200000000000001,5.0,5.0
31233,60.12378478050232,9592,18.96,5.0,5.0
31240,60.14321708679199,9592,12.134400000000001,5.0,5.0
31250,60.16625380516052,9592,6.212812800000002,5.0,5.0
31256,60.17639875411987,9592,14.970250240000002,5.0,5.0
31260,60.18952679634094,9592,11.976200192000002,5.0,5.0
31270,60.20797085762024,9592,5.0,5.0,5.0
31280,60.22864079475403,9592,5.0,5.0,5.0
31290,60.251856088638306,9592,5.0,5.0,5.0
31296,60.2705442905426,9592,14.0,5.0,5.0
31300,60.278505086898804,9592,11.200000000000001,5.0,5.0
31303,60.28509569168091,9592,18.96,5.0,5.0
31308,60.2919442653656,9592,17.766016,5.0,5.0
31310,60.29491138458252,9592,11.370250240000003,5.0,5.0
31311,60.29656219482422,9592,19.096200192000005,5.0,5.0
31312,60.29829120635986,9592,25.276960153600005,5.0,5.0
31315,60.30487585067749,9592,30.221568122880004,5.0,5.0
31317,60.30947399139404,9592,29.341803598643207,5.0,5.0
31320,60.314828395843506,9592,18.778754303131656,5.0,5.0
31321,60.3165066242218,9592,25.023003442505328,5.0,5.0
31330,60.334113359451294,9592,8.199537768040148,5.0,5.0
31335,60.34084749221802,9592,14.198163337236558,5.0,5.0
31339,60.34627628326416,9592,17.269459628665118,5.0,5.0
31340,60.34762501716614,9592,13.815567702932094,5.0,5.0
31345,60.35901212692261,9592,15.658856531120986,5.0,5.0
31347,60.36468982696533,9592,22.527085224896787,5.0,5.0
31350,60.37110185623169,9592,14.417334543933945,5.0,5.0
31360,60.393147468566895,9592,5.905340229195345,5.0,5.0
31370,60.42220973968506,9592,5.0,5.0,5.0
31380,60.447399854660034,9592,5.0,5.0,5.0
31385,60.45947575569153,9592,14.0,5.0,5.0
31390,60.47108244895935,9592,8.96,5.0,5.0
31399,60.49739074707031,9592,14.0,5.0,5.0
31400,60.50112748146057,9592,14.0,5.0,5.0
31410,60.52466368675232,9592,5.0,5.0,5.0
31416,60.53590774536133,9592,14.0,5.0,5.0
31420,60.54367756843567,9592,8.96,5.0,5.0
31430,60.56371331214905,9592,5.734400000000001,5.0,5.0
31440,60.581703662872314,9592,5.0,5.0,5.0
31450,60.60349440574646,9592,5.0,5.0,5.0
31460,60.620869159698486,9592,5.0,5.0,5.0
31469,60.639909505844116,9592,14.0,5.0,5.0
31470,60.64219379425049,9592,11.200000000000001,5.0,5.0
31478,60.65978407859802,9592,15.7344,5.0,5.0
31480,60.66257333755493,9592,12.587520000000001,5.0,5.0
31482,60.665863275527954,9592,18.056012800000005,5.0,5.0
31488,60.67448592185974,9592,17.395742842880004,5.0,5.0
31490,60.680219650268555,9592,13.916594274304003,5.0,5.0
31500,60.6947135925293,9592,14.0,5.0,5.0
31501,60.69638967514038,9592,21.200000000000003,5.0,5.0
31506,60.7028169631958,9592,26.960000000000004,5.0,5.0
31508,60.705862522125244,9592,27.254400000000004,5.0,5.0
31509,60.70741581916809,9592,31.803520000000006,5.0,5.0
31510,60.71140122413635,9592,31.803520000000006,5.0,5.0
31517,60.72935700416565,9592,23.026721792000007,5.0,5.0
31520,60.73370313644409,9592,11.789681557504005,5.0,5.0
31523,60.74121427536011,9592,17.545396196802564,5.0,5.0
31530,60.75363779067993,9592,7.186594282210331,5.0,5.0
31531,60.75533866882324,9592,15.749275425768264,5.0,5.0
31535,60.76144099235535,9592,16.450903214394682,5.0,5.0
31540,60.77134299278259,9592,10.528578057212599,5.0,5.0
31542,60.77705454826355,9592,18.42286244577008,5.0,5.0
31548,60.79077100753784,9592,19.432505572234284,5.0,5.0
31550,60.793615102767944,9592,12.436803566229942,5.0,5.0
31560,60.81747841835022,9592,6.367643425909732,5.0,5.0
31570,60.84906625747681,9592,5.0,5.0,5.0
31580,60.868237018585205,9592,5.0,5.0,5.0
31590,60.892268657684326,9592,5.0,5.0,5.0
31595,60.90165400505066,9592,14.0,5.0,5.0
31600,60.91613841056824,9592,21.200000000000003,5.0,5.0
31603,60.92284274101257,9592,23.568000000000005,5.0,5.0
31604,60.92456245422363,9592,28.854400000000005,5.0,5.0
31609,60.93430852890015,9592,24.773452800000005,5.0,5.0
31610,60.93522787094116,9592,19.818762240000005,5.0,5.0
31620,60.95523428916931,9592,8.117765013504004,5.0,5.0
31630,60.97914791107178,9592,5.0,5.0,5.0
31632,60.98215174674988,9592,14.0,5.0,5.0
31636,60.99053239822388,9592,17.168,5.0,5.0
31640,60.999459981918335,9592,8.790016000000001,5.0,5.0
31643,61.00644659996033,9592,15.62561024,5.0,5.0
31650,61.018702030181885,9592,5.120199963443201,5.0,5.0
31660,61.035433530807495,9592,5.0,5.0,5.0
31663,61.03967475891113,9592,14.0,5.0,5.0
31670,61.05625319480896,9592,5.734400000000001,5.0,5.0
31680,61.08023381233215,9592,5.0,5.0,5.0
31683,61.0846803188324,9592,14.0,5.0,5.0
31690,61.10435128211975,9592,7.168000000000001,5.0,5.0
31700,61.12778115272522,9592,5.0,5.0,5.0
31702,61.13096261024475,9592,14.0,5.0,5.0
31709,61.14569449424744,9592,17.168,5.0,5.0
31710,61.14698386192322,9592,17.168,5.0,5.0
31715,61.15598511695862,9592,20.987520000000004,5.0,5.0
31720,61.16327142715454,9592,20.745610240000005,5.0,5.0
31722,61.166348695755005,9592,23.277190553600008,5.0,5.0
31723,61.16792297363281,9592,28.621752442880005,5.0,5.0
31730,61.18286943435669,9592,11.723469800603652,5.0,5.0
31734,61.19126510620117,9592,17.503020672386338,5.0,5.0
31740,61.19937992095947,9592,5.735389813927556,5.0,5.0
31747,61.212165117263794,9592,14.0,5.0,5.0
31750,61.21648383140564,9592,7.168000000000001,5.0,5.0
31760,61.2509708404541,9592,5.0,5.0,5.0
31761,61.25286388397217,9592,14.0,5.0,5.0
31770,61.271164655685425,9592,5.0,5.0,5.0
31777,61.283764362335205,9592,14.0,5.0,5.0
31780,61.290729999542236,9592,11.200000000000001,5.0,5.0
31789,61.30679416656494,9592,14.0,5.0,5.0
31790,61.31055545806885,9592,14.0,5.0,5.0
31800,61.327483892440796,9592,5.0,5.0,5.0
31810,61.36063504219055,9592,5.0,5.0,5.0
31820,61.383124113082886,9592,5.0,5.0,5.0
31830,61.41104340553284,9592,5.0,5.0,5.0
31840,61.436402320861816,9592,14.0,5.0,5.0
31846,61.462111473083496,9592,15.7344,5.0,5.0
31847,61.464672803878784,9592,22.58752,5.0,5.0
31850,61.47157573699951,9592,14.456012800000003,5.0,5.0
31851,61.473379135131836,9592,21.564810240000003,5.0,5.0
31857,61.48469042778015,9592,18.832946274304007,5.0,5.0
31860,61.49150276184082,9592,12.053085615554565,5.0,5.0
31862,61.49467349052429,9592,17.71397479395492,5.0,5.0
31868,61.50294089317322,9592,15.80451526048315,5.0,5.0
31870,61.505478382110596,9592,15.80451526048315,5.0,5.0
31880,61.52446508407593,9592,5.0,5.0,5.0
31890,61.547197580337524,9592,5.0,5.0,5.0
31900,61.567866563797,9592,5.0,5.0,5.0
31910,61.59769344329834,9592,5.0,5.0,5.0
31920,61.62505483627319,9592,5.0,5.0,5.0
31930,61.651843786239624,9592,5.0,5.0,5.0
31940,61.676602363586426,9592,5.0,5.0,5.0
31950,61.7005717754364,9592,5.0,5.0,5.0
31952,61.7037615776062,9592,14.0,5.0,5.0
31954,61.70695185661316,9592,18.96,5.0,5.0
31959,61.717374324798584,9592,17.766016,5.0,5.0
31960,61.71882343292236,9592,14.212812800000002,5.0,5.0
31963,61.72368669509888,9592,17.2769601536,5.0,5.0
31970,61.74138379096985,9592,5.66131430313165,5.0,5.0
31974,61.747472047805786,9592,14.0,5.0,5.0
31980,61.762144565582275,9592,7.168000000000001,5.0,5.0
31989,61.77805829048157,9592,14.0,5.0,5.0
31990,61.77955770492554,9592,11.200000000000001,5.0,5.0
32000,61.801308155059814,9592,5.734400000000001,5.0,5.0
32007,61.81736993789673,9592,14.0,5.0,5.0
32009,61.82373571395874,9592,21.200000000000003,5.0,5.0
32010,61.825297355651855,9592,16.960000000000004,5.0,5.0
32011,61.82721447944641,9592,23.568000000000005,5.0,5.0
32020,61.85091781616211,9592,7.722762240000003,5.0,5.0
32030,61.87162733078003,9592,5.0,5.0,5.0
32039,61.89956998825073,9592,14.0,5.0,5.0
32040,61.900994539260864,9592,11.200000000000001,5.0,5.0
32050,61.9218008518219,9592,5.0,5.0,5.0
32051,61.923505783081055,9592,14.0,5.0,5.0
32060,61.93512225151062,9592,7.168000000000001,5.0,5.0
32070,61.954516649246216,9592,5.0,5.0,5.0
32079,61.970012187957764,9592,14.0,5.0,5.0
32080,61.97148013114929,9592,11.200000000000001,5.0,5.0
32086,61.98230028152466,9592,17.168,5.0,5.0
32090,61.99263858795166,9592,10.987520000000002,5.0,5.0
32091,61.99435019493103,9592,18.790016,5.0,5.0
32093,61.997573137283325,9592,22.025610240000002,5.0,5.0
32100,62.0089898109436,9592,9.021689954304003,5.0,5.0
32105,62.01564955711365,9592,17.217351963443203,5.0,5.0
32107,62.01875591278076,9592,21.019105256603652,5.0,5.0
32110,62.022687673568726,9592,20.76178189138107,5.0,5.0
32120,62.04382133483887,9592,5.0,5.0,5.0
32130,62.065704345703125,9592,5.0,5.0,5.0
32134,62.07102036476135,9592,14.0,5.0,5.0
32140,62.083155393600464,9592,8.96,5.0,5.0
32142,62.08636164665222,9592,15.7344,5.0,5.0
32150,62.10321927070618,9592,5.155848192000002,5.0,5.0
32158,62.12747073173523,9592,14.0,5.0,5.0
32160,62.13040804862976,9592,8.96,5.0,5.0
32165,62.144455909729004,9592,15.7344,5.0,5.0
32169,62.153191328048706,9592,18.056012800000005,5.0,5.0
32170,62.154576778411865,9592,14.444810240000004,5.0,5.0
32180,62.18609809875488,9592,7.395742842880003,5.0,5.0
32190,62.2079598903656,9592,14.0,5.0,5.0
32194,62.214401721954346,9592,15.7344,5.0,5.0
32200,62.22637867927551,9592,8.056012800000003,5.0,5.0
32203,62.23282527923584,9592,16.444810240000002,5.0,5.0
32210,62.24438953399658,9592,6.735794274304003,5.0,5.0
32220,62.26480031013489,9592,5.0,5.0,5.0
32223,62.271244049072266,9592,14.0,5.0,5.0
32229,62.28215837478638,9592,15.7344,5.0,5.0
32230,62.28364157676697,9592,12.587520000000001,5.0,5.0
32240,62.3060998916626,9592,5.0,5.0,5.0
32250,62.3226215839386,9592,5.0,5.0,5.0
32253,62.328741788864136,9592,14.0,5.0,5.0
32260,62.34424638748169,9592,5.734400000000001,5.0,5.0
32265,62.35508704185486,9592,14.587520000000001,5.0,5.0
32270,62.367748975753784,9592,7.4688102400000025,5.0,5.0
32280,62.38733434677124,9592,5.975048192000003,5.0,5.0
32282,62.39027428627014,9592,14.0,5.0,5.0
32290,62.41333532333374,9592,5.0,5.0,5.0
32291,62.41479992866516,9592,14.0,5.0,5.0
32295,62.41984415054321,9592,17.168,5.0,5.0
32300,62.42581534385681,9592,7.032012800000001,5.0,5.0
32310,62.45001173019409,9592,5.0,5.0,5.0
32312,62.4530086517334,9592,14.0,5.0,5.0
32316,62.45816707611084,9592,18.96,5.0,5.0
32320,62.46796011924744,9592,12.134400000000001,5.0,5.0
32324,62.47340488433838,9592,14.970250240000002,5.0,5.0
32330,62.483181953430176,9592,7.664768122880002,5.0,5.0
32331,62.48460412025452,9592,16.131814498304003,5.0,5.0
32340,62.49420952796936,9592,14.0,5.0,5.0
32350,62.51298117637634,9592,5.0,5.0,5.0
32360,62.52854633331299,9592,5.0,5.0,5.0
32370,62.554060220718384,9592,5.0,5.0,5.0
32373,62.557896852493286,9592,14.0,5.0,5.0
32380,62.57144379615784,9592,7.168000000000001,5.0,5.0
32390,62.58513331413269,9592,5.0,5.0,5.0
32396,62.600706338882446,9592,14.0,5.0,5.0
32400,62.6105592250824,9592,11.200000000000001,5.0,5.0
32410,62.632752656936646,9592,14.587520000000001,5.0,5.0
32418,62.646191120147705,9592,14.780038553600003,5.0,5.0
32420,62.64857316017151,9592,11.824030842880003,5.0,5.0
32422,62.651102781295776,9592,19.459224674304004,5.0,5.0
32427,62.658498764038086,9592,19.963123033243654,5.0,5.0
32430,62.6618869304657,9592,10.221118993020752,5.0,5.0
32438,62.67994165420532,9592,14.186570339541301,5.0,5.0
32440,62.68243765830994,9592,9.079405017306433,5.0,5.0
32450,62.699408769607544,9592,5.0,5.0,5.0
32454,62.70657682418823,9592,14.0,5.0,5.0
32455,62.70791792869568,9592,21.200000000000003,5.0,5.0
32460,62.7203905582428,9592,13.568000000000005,5.0,5.0
32470,62.739516496658325,9592,5.557452800000004,5.0,5.0
32480,62.7575409412384,9592,5.0,5.0,5.0
32490,62.77590727806091,9592,5.0,5.0,5.0
32500,62.789533376693726,9592,5.0,5.0,5.0
32510,62.80803894996643,9592,5.0,5.0,5.0
32518,62.81974172592163,9592,14.0,5.0,5.0
32519,62.82103490829468,9592,21.200000000000003,5.0,5.0
32520,62.822200775146484,9592,16.960000000000004,5.0,5.0
32530,62.85226511955261,9592,8.683520000000005,5.0,5.0
32531,62.85369157791138,9592,16.946816000000005,5.0,5.0
32540,62.86950087547302,9592,6.941415833600004,5.0,5.0
32550,62.88981008529663,9592,14.0,5.0,5.0
32560,62.910632371902466,9592,5.0,5.0,5.0
32566,62.925265312194824,9592,14.0,5.0,5.0
32570,62.9302020072937,9592,11.200000000000001,5.0,5.0
32574,62.937609910964966,9592,17.168,5.0,5.0
32577,62.94352912902832,9592,20.987520000000004,5.0,5.0
32578,62.944958209991455,9592,26.790016000000005,5.0,5.0
32580,62.94749212265015,9592,27.145610240000007,5.0,5.0
32590,62.96248173713684,9592,5.692847080603652,5.0,5.0
32600,62.983094692230225,9592,5.0,5.0,5.0
32610,63.002724409103394,9592,5.0,5.0,5.0
32620,63.019922733306885,9592,5.0,5.0,5.0
32630,63.04292106628418,9592,5.0,5.0,5.0
32640,63.05925130844116,9592,5.0,5.0,5.0
32642,63.06178140640259,9592,14.0,5.0,5.0
32650,63.08441495895386,9592,11.200000000000001,5.0,5.0
32653,63.08808183670044,9592,15.7344,5.0,5.0
32660,63.10098934173584,9592,8.056012800000003,5.0,5.0
32670,63.12018704414368,9592,14.0,5.0,5.0
32680,63.133671045303345,9592,8.96,5.0,5.0
32681,63.13503408432007,9592,17.168,5.0,5.0
32684,63.13846015930176,9592,20.987520000000004,5.0,5.0
32685,63.1397602558136,9592,26.790016000000005,5.0,5.0
32690,63.14790487289429,9592,13.716488192000007,5.0,5.0
32692,63.150559186935425,9592,18.778552442880006,5.0,5.0
32700,63.164523124694824,9592,7.691695080603653,5.0,5.0
32701,63.16606092453003,9592,16.15335606448292,5.0,5.0
32710,63.18593716621399,9592,18.27051830501526,5.0,5.0
32713,63.18983864784241,9592,19.354505372167814,5.0,5.0
32715,63.194602966308594,9592,25.483604297734253,5.0,5.0
32719,63.20414185523987,9592,30.386883438187404,5.0,5.0
32720,63.20535206794739,9592,24.309506750549925,5.0,5.0
32730,63.22621202468872,9592,9.95717396502525,5.0,5.0
32731,63.22758364677429,9592,17.9657391720202,5.0,5.0
32740,63.246479511260986,9592,9.198458456074343,5.0,5.0
32750,63.26338481903076,9592,5.0,5.0,5.0
32760,63.27813148498535,9592,5.0,5.0,5.0
32770,63.296716928482056,9592,5.0,5.0,5.0
32780,63.32148051261902,9592,5.0,5.0,5.0
32783,63.33104634284973,9592,14.0,5.0,5.0
32790,63.34184241294861,9592,7.168000000000001,5.0,5.0
32800,63.3555703163147,9592,5.0,5.0,5.0
32803,63.364245891571045,9592,14.0,5.0,5.0
32810,63.37847185134888,9592,17.168,5.0,5.0
32816,63.387890577316284,9592,18.790016,5.0,5.0
32820,63.39232134819031,9592,9.620488192000003,5.0,5.0
32829,63.40819334983826,9592,14.0,5.0,5.0
32830,63.40957021713257,9592,21.200000000000003,5.0,5.0
32839,63.42558741569519,9592,15.557452800000004,5.0,5.0
32840,63.42694592475891,9592,12.445962240000004,5.0,5.0
32850,63.448514461517334,9592,6.372332666880002,5.0,5.0
32860,63.480143785476685,9592,5.0,5.0,5.0
32861,63.481595516204834,9592,14.0,5.0,5.0
32870,63.50128722190857,9592,5.734400000000001,5.0,5.0
32871,63.50271797180176,9592,14.587520000000001,5.0,5.0
32880,63.515472412109375,9592,7.4688102400000025,5.0,5.0
32882,63.52028131484985,9592,15.975048192000003,5.0,5.0
32884,63.52295541763306,9592,20.224030842880005,5.0,5.0
32890,63.53264403343201,9592,6.6270104265949215,5.0,5.0
32900,63.54952144622803,9592,5.0,5.0,5.0
32909,63.570029973983765,9592,14.0,5.0,5.0
32910,63.57115125656128,9592,14.0,5.0,5.0
32917,63.58305287361145,9592,15.7344,5.0,5.0
32920,63.59159827232361,9592,12.587520000000001,5.0,5.0
32930,63.60990786552429,9592,5.0,5.0,5.0
32940,63.62604904174805,9592,5.0,5.0,5.0
32945,63.636860609054565,9592,14.0,5.0,5.0
32950,63.6426043510437,9592,7.168000000000001,5.0,5.0
32953,63.64850878715515,9592,14.587520000000001,5.0,5.0
32960,63.6641321182251,9592,11.670016000000002,5.0,5.0
32970,63.68122601509094,9592,5.0,5.0,5.0
32980,63.69997048377991,9592,5.0,5.0,5.0
32989,63.71783924102783,9592,14.0,5.0,5.0
32990,63.721142053604126,9592,14.0,5.0,5.0
32992,63.723811864852905,9592,18.96,5.0,5.0
32993,63.72513508796692,9592,25.168,5.0,5.0
33000,63.73779916763306,9592,16.10752,5.0,5.0
33001,63.73926568031311,9592,22.886016,5.0,5.0
33002,63.74062919616699,9592,28.308812800000002,5.0,5.0
33010,63.75220465660095,9592,7.420985422643203,5.0,5.0
33020,63.768118143081665,9592,5.936788338114563,5.0,5.0
33030,63.78164792060852,9592,5.0,5.0,5.0
33040,63.80192995071411,9592,5.0,5.0,5.0
33050,63.82149887084961,9592,5.0,5.0,5.0
33060,63.84866189956665,9592,14.0,5.0,5.0
33061,63.85007929801941,9592,21.200000000000003,5.0,5.0
33066,63.86292099952698,9592,23.568000000000005,5.0,5.0
33070,63.867900133132935,9592,9.653452800000004,5.0,5.0
33073,63.87378549575806,9592,16.178209792000004,5.0,5.0
33080,63.88651514053345,9592,10.354054266880004,5.0,5.0
33090,63.910017251968384,9592,5.0,5.0,5.0
33096,63.923704624176025,9592,14.0,5.0,5.0
33100,63.928821325302124,9592,5.734400000000001,5.0,5.0
33105,63.9372615814209,9592,14.0,5.0,5.0
33110,63.94601273536682,9592,17.168,5.0,5.0
33120,63.96490216255188,9592,7.032012800000001,5.0,5.0
33124,63.97419881820679,9592,15.62561024,5.0,5.0
33130,63.9807710647583,9592,6.400249954304001,5.0,5.0
33137,63.99498510360718,9592,14.0,5.0,5.0
33140,63.99907112121582,9592,7.168000000000001,5.0,5.0
33150,64.0221791267395,9592,5.0,5.0,5.0
33158,64.03918266296387,9592,14.0,5.0,5.0
33160,64.04199957847595,9592,11.200000000000001,5.0,5.0
33166,64.04956531524658,9592,14.0,5.0,5.0
33170,64.05406379699707,9592,8.96,5.0,5.0
33171,64.05546712875366,9592,17.168,5.0,5.0
33177,64.07119846343994,9592,20.987520000000004,5.0,5.0
33180,64.07532548904419,9592,20.745610240000005,5.0,5.0
33190,64.09425735473633,9592,6.797921563443204,5.0,5.0
33200,64.1130211353302,9592,5.0,5.0,5.0
33205,64.12361359596252,9592,14.0,5.0,5.0
33207,64.12624096870422,9592,18.96,5.0,5.0
33209,64.13095951080322,9592,25.168,5.0,5.0
33210,64.13211512565613,9592,20.1344,5.0,5.0
33211,64.1334924697876,9592,26.10752,5.0,5.0
33212,64.13485789299011,9592,30.886016,5.0,5.0
33219,64.14545941352844,9592,20.120729722880004,5.0,5.0
33220,64.14669275283813,9592,16.096583778304005,5.0,5.0
33221,64.1481032371521,9592,22.877267022643203,5.0,5.0
33230,64.16107821464539,9592,5.99713828638378,5.0,5.0
33240,64.17543864250183,9592,5.0,5.0,5.0
33246,64.18728113174438,9592,14.0,5.0,5.0
33248,64.189861536026,9592,18.96,5.0,5.0
33250,64.19227242469788,9592,15.168000000000001,5.0,5.0
33260,64.20858693122864,9592,7.766016000000002,5.0,5.0
33270,64.22466206550598,9592,5.0,5.0,5.0
33280,64.23995542526245,9592,5.0,5.0,5.0
33288,64.25644493103027,9592,14.0,5.0,5.0
33290,64.26129388809204,9592,11.200000000000001,5.0,5.0
33293,64.26522254943848,9592,17.168,5.0,5.0
33300,64.2777373790741,9592,7.032012800000001,5.0,5.0
33301,64.27914595603943,9592,15.62561024,5.0,5.0
33310,64.30129837989807,9592,16.400249954304,5.0,5.0
33315,64.31183171272278,9592,18.39692797660365,5.0,5.0
33320,64.32028985023499,9592,9.419227124021068,5.0,5.0
33321,64.32180571556091,9592,17.535381699216856,5.0,5.0
33325,64.32939648628235,9592,18.97811542999903,5.0,5.0
33330,64.33809089660645,9592,9.716795100159505,5.0,5.0
33337,64.35088038444519,9592,14.0,5.0,5.0
33339,64.35350966453552,9592,18.96,5.0,5.0
33340,64.35692763328552,9592,18.96,5.0,5.0
33350,64.38044214248657,9592,9.707520000000002,5.0,5.0
33360,64.39913392066956,9592,5.0,5.0,5.0
33367,64.41184902191162,9592,14.0,5.0,5.0
33370,64.41483926773071,9592,14.0,5.0,5.0
33380,64.44046211242676,9592,5.0,5.0,5.0
33390,64.45633578300476,9592,5.0,5.0,5.0
33400,64.47738265991211,9592,5.0,5.0,5.0
33401,64.47875833511353,9592,14.0,5.0,5.0
33407,64.48647499084473,9592,14.587520000000001,5.0,5.0
33410,64.49265813827515,9592,19.336012800000002,5.0,5.0
33416,64.50211882591248,9592,17.920030842880003,5.0,5.0
33420,64.50909948348999,9592,14.336024674304003,5.0,5.0
33430,64.52475166320801,9592,7.34004463324365,5.0,5.0
33440,64.54837465286255,9592,5.0,5.0,5.0
33450,64.56958937644958,9592,5.0,5.0,5.0
33460,64.59585475921631,9592,5.0,5.0,5.0
33467,64.610586643219,9592,14.0,5.0,5.0
33470,64.61872673034668,9592,11.200000000000001,5.0,5.0
33471,64.6202392578125,9592,18.96,5.0,5.0
33472,64.62178444862366,9592,25.168,5.0,5.0
33478,64.63179612159729,9592,20.308812800000002,5.0,5.0
33480,64.63428497314453,9592,12.997640192000004,5.0,5.0
33487,64.64940738677979,9592,16.654791778304002,5.0,5.0
33490,64.65316224098206,9592,10.659066738114563,5.0,5.0
33500,64.67398810386658,9592,5.457442169914657,5.0,5.0
33508,64.68665361404419,9592,14.0,5.0,5.0
33510,64.69372868537903,9592,14.0,5.0,5.0
33512,64.69642972946167,9592,18.96,5.0,5.0
33520,64.70769906044006,9592,5.0,5.0,5.0
33530,64.72717785835266,9592,5.0,5.0,5.0
33540,64.74853038787842,9592,5.0,5.0,5.0
33548,64.77341413497925,9592,14.0,5.0,5.0
33550,64.77608895301819,9592,8.96,5.0,5.0
33560,64.79240489006042,9592,5.0,5.0,5.0
33561,64.79386329650879,9592,14.0,5.0,5.0
33565,64.8010926246643,9592,18.96,5.0,5.0
33570,64.81398510932922,9592,12.134400000000001,5.0,5.0
33580,64.83088946342468,9592,5.0,5.0,5.0
33590,64.84760069847107,9592,5.0,5.0,5.0
33592,64.85264110565186,9592,14.0,5.0,5.0
33596,64.86083579063416,9592,21.200000000000003,5.0,5.0
33600,64.8720805644989,9592,13.568000000000005,5.0,5.0
33606,64.88518404960632,9592,16.946816000000005,5.0,5.0
33610,64.89205408096313,9592,8.676769792000005,5.0,5.0
33620,64.91873478889465,9592,8.676769792000005,5.0,5.0
33626,64.92821383476257,9592,14.0,5.0,5.0
33630,64.93305850028992,9592,11.200000000000001,5.0,5.0
33636,64.94253849983215,9592,15.7344,5.0,5.0
33640,64.94716262817383,9592,15.7344,5.0,5.0
33642,64.94992089271545,9592,20.070016000000003,5.0,5.0
33646,64.95503973960876,9592,18.220678553600003,5.0,5.0
33647,64.95642423629761,9592,24.576542842880002,5.0,5.0
33649,64.96134114265442,9592,29.661234274304004,5.0,5.0
33650,64.96258020401001,9592,23.728987419443204,5.0,5.0
33655,64.9713945388794,9592,19.719393247003936,5.0,5.0
33656,64.97275996208191,9592,25.77551459760315,5.0,5.0
33660,64.98004698753357,9592,13.197063473972813,5.0,5.0
33667,64.9936740398407,9592,15.405517198939265,5.0,5.0
33668,64.99507904052734,9592,22.324413759151412,5.0,5.0
33670,64.9978244304657,9592,17.85953100732113,5.0,5.0
33680,65.01835608482361,9592,7.315263900598737,5.0,5.0
33690,65.0351779460907,9592,5.0,5.0,5.0
33700,65.05148959159851,9592,5.0,5.0,5.0
33710,65.06881618499756,9592,5.0,5.0,5.0
33720,65.09013724327087,9592,5.0,5.0,5.0
33730,65.10580635070801,9592,5.0,5.0,5.0
33740,65.12659859657288,9592,5.0,5.0,5.0
33750,65.15206909179688,9592,5.0,5.0,5.0
33760,65.17229318618774,9592,5.0,5.0,5.0
33764,65.1798734664917,9592,14.0,5.0,5.0
33770,65.19469881057739,9592,7.168000000000001,5.0,5.0
33780,65.2156400680542,9592,5.0,5.0,5.0
33781,65.21709513664246,9592,14.0,5.0,5.0
33788,65.2307870388031,9592,15.7344,5.0,5.0
33790,65.2378294467926,9592,15.7344,5.0,5.0
33791,65.23926830291748,9592,22.58752,5.0,5.0
33800,65.25324320793152,9592,5.0,5.0,5.0
33801,65.25472497940063,9592,14.0,5.0,5.0
33810,65.27077031135559,9592,5.0,5.0,5.0
33813,65.27982258796692,9592,14.0,5.0,5.0
33820,65.29340124130249,9592,8.96,5.0,5.0
33830,65.31386256217957,9592,14.587520000000001,5.0,5.0
33840,65.33749556541443,9592,5.975048192000003,5.0,5.0
33850,65.35178303718567,9592,5.975048192000003,5.0,5.0
33859,65.36604332923889,9592,14.0,5.0,5.0
33860,65.36722660064697,9592,11.200000000000001,5.0,5.0
33870,65.3843686580658,9592,5.0,5.0,5.0
33872,65.38708853721619,9592,14.0,5.0,5.0
33880,65.39922761917114,9592,5.734400000000001,5.0,5.0
33890,65.42581081390381,9592,5.0,5.0,5.0
33899,65.44444847106934,9592,14.0,5.0,5.0
33900,65.4456901550293,9592,11.200000000000001,5.0,5.0
33910,65.47046566009521,9592,5.734400000000001,5.0,5.0
33920,65.49024558067322,9592,5.0,5.0,5.0
33928,65.51037359237671,9592,14.0,5.0,5.0
33930,65.5138909816742,9592,21.200000000000003,5.0,5.0
33937,65.52637791633606,9592,16.946816000000005,5.0,5.0
33940,65.53665399551392,9592,16.946816000000005,5.0,5.0
33945,65.54979038238525,9592,20.845962240000006,5.0,5.0
33950,65.55548095703125,9592,16.676769792000005,5.0,5.0
33960,65.58002495765686,9592,8.538506133504004,5.0,5.0
33970,65.59960913658142,9592,14.371715140354052,5.0,5.0
33980,65.62648844718933,9592,7.358318151861276,5.0,5.0
33990,65.64563703536987,9592,5.0,5.0,5.0
34000,65.66222715377808,9592,5.0,5.0,5.0
34002,65.66730618476868,9592,14.0,5.0,5.0
34010,65.68191456794739,9592,5.734400000000001,5.0,5.0
34016,65.69491624832153,9592,14.0,5.0,5.0
34020,65.7020275592804,9592,8.96,5.0,5.0
34030,65.72597241401672,9592,5.0,5.0,5.0
34031,65.72748589515686,9592,14.0,5.0,5.0
34036,65.73669862747192,9592,17.168,5.0,5.0
34040,65.74682426452637,9592,10.987520000000002,5.0,5.0
34050,65.77034091949463,9592,5.625610240000001,5.0,5.0
34060,65.79185009002686,9592,5.0,5.0,5.0
34070,65.81397342681885,9592,5.0,5.0,5.0
34077,65.8251838684082,9592,14.0,5.0,5.0
34080,65.82897543907166,9592,7.168000000000001,5.0,5.0
34090,65.84937310218811,9592,5.0,5.0,5.0
34100,65.87357831001282,9592,5.0,5.0,5.0
34105,65.88438963890076,9592,14.0,5.0,5.0
34110,65.89314389228821,9592,8.96,5.0,5.0
34112,65.89583587646484,9592,17.168,5.0,5.0
34117,65.90227270126343,9592,17.0320128,5.0,5.0
34120,65.9127995967865,9592,17.0320128,5.0,5.0
34130,65.9371292591095,9592,6.976312442880001,5.0,5.0
34131,65.93865156173706,9592,15.581049954304001,5.0,5.0
34140,65.95214867591858,9592,5.1055984490263375,5.0,5.0
34147,65.9662184715271,9592,14.0,5.0,5.0
34150,65.97464609146118,9592,11.200000000000001,5.0,5.0
34160,65.9888596534729,9592,5.0,5.0,5.0
34170,66.01101303100586,9592,5.0,5.0,5.0
34180,66.03428101539612,9592,5.0,5.0,5.0
34186,66.04136037826538,9592,14.0,5.0,5.0
34190,66.04796028137207,9592,7.168000000000001,5.0,5.0
34200,66.0688636302948,9592,5.734400000000001,5.0,5.0
34203,66.07820129394531,9592,14.0,5.0,5.0
34210,66.0935571193695,9592,7.168000000000001,5.0,5.0
34220,66.10567831993103,9592,5.0,5.0,5.0
34227,66.1179609298706,9592,14.0,5.0,5.0
34230,66.12389612197876,9592,8.96,5.0,5.0
34240,66.14762592315674,9592,5.734400000000001,5.0,5.0
34250,66.16409850120544,9592,5.0,5.0,5.0
34253,66.16802453994751,9592,14.0,5.0,5.0
34255,66.17057132720947,9592,21.200000000000003,5.0,5.0
34260,66.17802119255066,9592,16.960000000000004,5.0,5.0
34268,66.18841409683228,9592,14.445962240000004,5.0,5.0
34269,66.18975043296814,9592,21.556769792000004,5.0,5.0
34270,66.19097018241882,9592,21.556769792000004,5.0,5.0
34272,66.19370770454407,9592,23.796332666880005,5.0,5.0
34279,66.20636916160583,9592,22.183722325442567,5.0,5.0
34280,66.20761108398438,9592,17.746977860354054,5.0,5.0
34282,66.21028661727905,9592,21.358065830626593,5.0,5.0
34290,66.22232675552368,9592,16.998611011379722,5.0,5.0
34298,66.23410487174988,9592,15.570104856208909,5.0,5.0
34300,66.2387843132019,9592,12.456083884967128,5.0,5.0
34310,66.25964117050171,9592,5.102011959282536,5.0,5.0
34320,66.28154635429382,9592,5.0,5.0,5.0
34324,66.28919410705566,9592,14.0,5.0,5.0
34330,66.29689002037048,9592,5.0,5.0,5.0
34336,66.30846118927002,9592,14.0,5.0,5.0
34338,66.31112289428711,9592,18.96,5.0,5.0
34340,66.31325888633728,9592,12.134400000000001,5.0,5.0
34342,66.31611490249634,9592,17.766016,5.0,5.0
34343,66.3174958229065,9592,24.212812800000002,5.0,5.0
34347,66.32254385948181,9592,22.396960153600006,5.0,5.0
34348,66.3238775730133,9592,27.917568122880006,5.0,5.0
34350,66.32857060432434,9592,22.334054498304006,5.0,5.0
34352,66.33121490478516,9592,24.293794878914568,5.0,5.0
34360,66.35404872894287,9592,7.960590705922728,5.0,5.0
34370,66.36646890640259,9592,5.0,5.0,5.0
34371,66.36788487434387,9592,14.0,5.0,5.0
34380,66.38563847541809,9592,5.734400000000001,5.0,5.0
34390,66.40392899513245,9592,5.0,5.0,5.0
34396,66.41699647903442,9592,14.0,5.0,5.0
34400,66.42188000679016,9592,21.200000000000003,5.0,5.0
34402,66.42446613311768,9592,26.960000000000004,5.0,5.0
34410,66.44213533401489,9592,8.834252800000003,5.0,5.0
34420,66.4641649723053,9592,5.0,5.0,5.0
34430,66.48657298088074,9592,5.0,5.0,5.0
34433,66.49048686027527,9592,14.0,5.0,5.0
34440,66.51432800292969,9592,11.200000000000001,5.0,5.0
34442,66.51694846153259,9592,18.96,5.0,5.0
34450,66.52954459190369,9592,6.212812800000002,5.0,5.0
34460,66.54850888252258,9592,14.0,5.0,5.0
34470,66.57013702392578,9592,5.734400000000001,5.0,5.0
34480,66.59675860404968,9592,5.0,5.0,5.0
34490,66.6189193725586,9592,5.0,5.0,5.0
34493,66.62467765808105,9592,14.0,5.0,5.0
34494,66.62607073783875,9592,21.200000000000003,5.0,5.0
34500,66.63696575164795,9592,13.568000000000005,5.0,5.0
34502,66.63956952095032,9592,20.854400000000005,5.0,5.0
34510,66.65819549560547,9592,8.541962240000004,5.0,5.0
34520,66.69823741912842,9592,5.466855833600003,5.0,5.0
34529,66.71652865409851,9592,14.0,5.0,5.0
34530,66.71772885322571,9592,14.0,5.0,5.0
34540,66.73790311813354,9592,5.0,5.0,5.0
34550,66.7577452659607,9592,5.0,5.0,5.0
34560,66.78604435920715,9592,5.0,5.0,5.0
34570,66.81148838996887,9592,5.0,5.0,5.0
34580,66.82658267021179,9592,5.0,5.0,5.0
34590,66.85107278823853,9592,14.0,5.0,5.0
34600,66.87197709083557,9592,7.168000000000001,5.0,5.0
34610,66.89384603500366,9592,5.0,5.0,5.0
34618,66.91533899307251,9592,14.0,5.0,5.0
34619,66.9167320728302,9592,21.200000000000003,5.0,5.0
34620,66.91795611381531,9592,16.960000000000004,5.0,5.0
34624,66.92508506774902,9592,18.683520000000005,5.0,5.0
34630,66.93898725509644,9592,11.957452800000006,5.0,5.0
34640,66.95744109153748,9592,14.0,5.0,5.0
34642,66.95998501777649,9592,21.200000000000003,5.0,5.0
34650,66.97384834289551,9592,13.568000000000005,5.0,5.0
34660,66.99584817886353,9592,5.0,5.0,5.0
34668,67.01034188270569,9592,14.0,5.0,5.0
34670,67.01286840438843,9592,21.200000000000003,5.0,5.0
34678,67.02924799919128,9592,18.683520000000005,5.0,5.0
34680,67.03425884246826,9592,14.946816000000005,5.0,5.0
34690,67.05200839042664,9592,6.122215833600004,5.0,5.0
34692,67.05468821525574,9592,14.0,5.0,5.0
34700,67.07662177085876,9592,7.168000000000001,5.0,5.0
34710,67.09671306610107,9592,14.0,5.0,5.0
34716,67.1042549610138,9592,17.168,5.0,5.0
34717,67.10567474365234,9592,23.7344,5.0,5.0
34720,67.10972666740417,9592,22.1520128,5.0,5.0
34730,67.1243748664856,9592,5.807017243443202,5.0,5.0
34733,67.13058686256409,9592,14.0,5.0,5.0
34739,67.13813662528992,9592,17.168,5.0,5.0
34740,67.14169192314148,9592,17.168,5.0,5.0
34750,67.15693044662476,9592,8.790016000000001,5.0,5.0
34760,67.17580032348633,9592,5.0,5.0,5.0
34770,67.19178366661072,9592,5.0,5.0,5.0
34772,67.19438076019287,9592,14.0,5.0,5.0
34780,67.21091365814209,9592,7.168000000000001,5.0,5.0
34790,67.22575569152832,9592,5.0,5.0,5.0
34800,67.24515724182129,9592,5.0,5.0,5.0
34810,67.26154851913452,9592,5.0,5.0,5.0
34820,67.28523540496826,9592,5.0,5.0,5.0
34830,67.30966019630432,9592,5.0,5.0,5.0
34840,67.33324432373047,9592,5.0,5.0,5.0
34849,67.34437441825867,9592,14.0,5.0,5.0
34850,67.34565329551697,9592,11.200000000000001,5.0,5.0
34860,67.38124966621399,9592,5.734400000000001,5.0,5.0
34863,67.3852972984314,9592,14.0,5.0,5.0
34870,67.3969795703888,9592,5.734400000000001,5.0,5.0
34880,67.41387701034546,9592,5.0,5.0,5.0
34886,67.42671203613281,9592,14.0,5.0,5.0
34890,67.43168115615845,9592,8.96,5.0,5.0
34899,67.45111227035522,9592,14.0,5.0,5.0
34900,67.45245432853699,9592,11.200000000000001,5.0,5.0
34901,67.45386052131653,9592,18.96,5.0,5.0
34908,67.46979880332947,9592,17.766016,5.0,5.0
34910,67.47477579116821,9592,24.212812800000002,5.0,5.0
34916,67.48489665985107,9592,19.917568122880006,5.0,5.0
34920,67.49210000038147,9592,15.934054498304006,5.0,5.0
34922,67.496999502182,9592,22.747243598643205,5.0,5.0
34923,67.49837303161621,9592,28.197794878914564,5.0,5.0
34924,67.49990010261536,9592,32.55823590313165,5.0,5.0
34930,67.50755715370178,9592,10.668682740738184,5.0,5.0
34934,67.51509380340576,9592,15.46236556325795,5.0,5.0
34940,67.52488589286804,9592,7.916731168388072,5.0,5.0
34950,67.54194641113281,9592,5.0,5.0,5.0
34960,67.55867457389832,9592,5.0,5.0,5.0
34970,67.58445930480957,9592,5.0,5.0,5.0
34980,67.60187220573425,9592,5.0,5.0,5.0
34989,67.62365484237671,9592,14.0,5.0,5.0
34990,67.62448787689209,9592,11.200000000000001,5.0,5.0
35000,67.64342284202576,9592,5.0,5.0,5.0
35010,67.66144323348999,9592,5.0,5.0,5.0
35020,67.68749237060547,9592,5.0,5.0,5.0
35030,67.70643162727356,9592,5.0,5.0,5.0
35038,67.73312640190125,9592,14.0,5.0,5.0
35040,67.73805117607117,9592,11.200000000000001,5.0,5.0
35050,67.75786113739014,9592,5.734400000000001,5.0,5.0
35051,67.75952506065369,9592,14.587520000000001,5.0,5.0
35055,67.76492094993591,9592,17.468810240000003,5.0,5.0
35060,67.7729184627533,9592,8.944030842880002,5.0,5.0
35070,67.79891729354858,9592,5.724179739443201,5.0,5.0
35080,67.82101631164551,9592,5.0,5.0,5.0
35090,67.84366989135742,9592,5.0,5.0,5.0
35100,67.86220788955688,9592,5.0,5.0,5.0
35110,67.87816429138184,9592,5.0,5.0,5.0
35120,67.89533352851868,9592,5.0,5.0,5.0
35130,67.91003489494324,9592,5.0,5.0,5.0
35131,67.91146349906921,9592,14.0,5.0,5.0
35135,67.91905879974365,9592,18.96,5.0,5.0
35140,67.92548608779907,9592,7.766016000000002,5.0,5.0
35148,67.93796849250793,9592,14.0,5.0,5.0
35150,67.94283175468445,9592,11.200000000000001,5.0,5.0
35160,67.96574711799622,9592,5.734400000000001,5.0,5.0
35170,67.98964476585388,9592,5.0,5.0,5.0
35178,68.00546479225159,9592,14.0,5.0,5.0
35180,68.01307892799377,9592,14.0,5.0,5.0
35188,68.03248119354248,9592,14.587520000000001,5.0,5.0
35190,68.03497862815857,9592,11.670016000000002,5.0,5.0
35200,68.05202460289001,9592,5.0,5.0,5.0
35210,68.07485747337341,9592,5.0,5.0,5.0
35220,68.09681749343872,9592,5.0,5.0,5.0
35223,68.10590434074402,9592,14.0,5.0,5.0
35224,68.1073727607727,9592,21.200000000000003,5.0,5.0
35226,68.1101438999176,9592,23.568000000000005,5.0,5.0
35227,68.11154890060425,9592,28.854400000000005,5.0,5.0
35230,68.11530804634094,9592,14.773452800000005,5.0,5.0
35234,68.12059593200684,9592,17.5640078336,5.0,5.0
35240,68.13060140609741,9592,8.992772010803202,5.0,5.0
35244,68.1380569934845,9592,15.755374086914049,5.0,5.0
35245,68.13942646980286,9592,22.60429926953124,5.0,5.0
35250,68.15073800086975,9592,11.573401225999994,5.0,5.0
35255,68.15937805175781,9592,17.406976784639998,5.0,5.0
35256,68.1607460975647,9592,23.925581427711997,5.0,5.0
35257,68.16212010383606,9592,29.1404651421696,5.0,5.0
35260,68.1659631729126,9592,18.649897690988546,5.0,5.0
35265,68.17256665229797,9592,16.111198475383127,5.0,5.0
35270,68.18069338798523,9592,8.248933619396162,5.0,5.0
35274,68.18603873252869,9592,15.279317516413546,5.0,5.0
35276,68.18882489204407,9592,19.77876321050467,5.0,5.0
35279,68.19222640991211,9592,22.65840845472299,5.0,5.0
35280,68.19574189186096,9592,22.65840845472299,5.0,5.0
35290,68.21535110473633,9592,5.939765825954905,5.0,5.0
35300,68.23797512054443,9592,5.0,5.0,5.0
35303,68.244060754776,9592,14.0,5.0,5.0
35305,68.24883460998535,9592,21.200000000000003,5.0,5.0
35306,68.25021958351135,9592,26.960000000000004,5.0,5.0
35310,68.26095604896545,9592,13.803520000000004,5.0,5.0
35317,68.2854745388031,9592,17.067402240000003,5.0,5.0
35320,68.29182887077332,9592,10.923137433600004,5.0,5.0
35327,68.3057177066803,9592,15.592646366003203,5.0,5.0
35330,68.30959582328796,9592,7.983434939393641,5.0,5.0
35333,68.31830191612244,9592,16.386747951514913,5.0,5.0
35336,68.32217478752136,9592,20.487518688969544,5.0,5.0
35340,68.33520197868347,9592,16.390014951175637,5.0,5.0
35341,68.33671402931213,9592,23.11201196094051,5.0,5.0
35350,68.35273790359497,9592,7.573344079360989,5.0,5.0
35360,68.37430477142334,9592,5.0,5.0,5.0
35370,68.39135646820068,9592,5.0,5.0,5.0
35375,68.39794397354126,9592,14.0,5.0,5.0
35380,68.4042398929596,9592,7.168000000000001,5.0,5.0
35390,68.42537450790405,9592,5.0,5.0,5.0
35400,68.44719076156616,9592,5.0,5.0,5.0
35410,68.48111629486084,9592,5.0,5.0,5.0
35420,68.50900506973267,9592,5.0,5.0,5.0
35424,68.51874732971191,9592,14.0,5.0,5.0
35430,68.52998232841492,9592,7.168000000000001,5.0,5.0
35440,68.5520806312561,9592,5.0,5.0,5.0
35450,68.5728452205658,9592,5.0,5.0,5.0
35460,68.59451031684875,9592,5.0,5.0,5.0
35470,68.61647534370422,9592,5.0,5.0,5.0
35480,68.63608813285828,9592,5.0,5.0,5.0
35490,68.65387558937073,9592,5.0,5.0,5.0
35500,68.67507457733154,9592,5.0,5.0,5.0
35509,68.69844222068787,9592,14.0,5.0,5.0
35510,68.69990468025208,9592,21.200000000000003,5.0,5.0
35511,68.70130658149719,9592,26.960000000000004,5.0,5.0
35520,68.71726179122925,9592,17.067402240000003,5.0,5.0
35521,68.71866512298584,9592,23.653921792000006,5.0,5.0
35523,68.721360206604,9592,25.138509946880006,5.0,5.0
35525,68.72402667999268,9592,26.088646366003207,5.0,5.0
35527,68.72669196128845,9592,26.696733674242054,5.0,5.0
35529,68.72935032844543,9592,27.085909551514916,5.0,5.0
35530,68.73061895370483,9592,21.668727641211934,5.0,5.0
35540,68.74771094322205,9592,7.100408673472329,5.0,5.0
35550,68.76725482940674,9592,5.0,5.0,5.0
35553,68.77108836174011,9592,14.0,5.0,5.0
35560,68.78911709785461,9592,5.0,5.0,5.0
35561,68.79066872596741,9592,14.0,5.0,5.0
35562,68.79209041595459,9592,21.200000000000003,5.0,5.0
35565,68.79816746711731,9592,26.960000000000004,5.0,5.0
35570,68.8040976524353,9592,13.803520000000004,5.0,5.0
35580,68.82354521751404,9592,7.067402240000003,5.0,5.0
35590,68.85003852844238,9592,5.0,5.0,5.0
35598,68.86308193206787,9592,14.0,5.0,5.0
35600,68.86496543884277,9592,14.0,5.0,5.0
35603,68.8689866065979,9592,18.96,5.0,5.0
35610,68.88554859161377,9592,9.707520000000002,5.0,5.0
35620,68.90305781364441,9592,5.0,5.0,5.0
35630,68.9296875,9592,5.0,5.0,5.0
35640,68.95757842063904,9592,5.0,5.0,5.0
35642,68.96044325828552,9592,14.0,5.0,5.0
35648,68.972820520401,9592,15.7344,5.0,5.0
35649,68.97418022155762,9592,22.58752,5.0,5.0
35650,68.97537684440613,9592,22.58752,5.0,5.0
35654,68.98306035995483,9592,21.564810240000003,5.0,5.0
35660,68.99565124511719,9592,11.041182842880005,5.0,5.0
35670,69.01083421707153,9592,5.0,5.0,5.0
35680,69.02749419212341,9592,5.0,5.0,5.0
35690,69.04992485046387,9592,14.0,5.0,5.0
35700,69.06692957878113,9592,5.0,5.0,5.0
35710,69.08147025108337,9592,5.0,5.0,5.0
35720,69.10335159301758,9592,5.0,5.0,5.0
35725,69.11524176597595,9592,14.0,5.0,5.0
35727,69.1179780960083,9592,18.96,5.0,5.0
35730,69.12150955200195,9592,12.134400000000001,5.0,5.0
35740,69.13869953155518,9592,5.0,5.0,5.0
35750,69.16033983230591,9592,5.0,5.0,5.0
35760,69.18306088447571,9592,14.0,5.0,5.0
35763,69.18705296516418,9592,18.96,5.0,5.0
35767,69.19470238685608,9592,19.707520000000002,5.0,5.0
35770,69.19807314872742,9592,15.766016000000002,5.0,5.0
35772,69.20084571838379,9592,20.090250240000003,5.0,5.0
35773,69.20235753059387,9592,26.072200192000004,5.0,5.0
35780,69.21292901039124,9592,16.83467084713165,5.0,5.0
35789,69.2243423461914,9592,14.41310795455048,5.0,5.0
35790,69.22559785842896,9592,11.530486363640385,5.0,5.0
35794,69.23560214042664,9592,17.379511272729847,5.0,5.0
35800,69.24590039253235,9592,5.694918253848118,5.0,5.0
35804,69.25108027458191,9592,14.0,5.0,5.0
35805,69.2525281906128,9592,21.200000000000003,5.0,5.0
35809,69.25780725479126,9592,20.854400000000005,5.0,5.0
35810,69.25909996032715,9592,16.683520000000005,5.0,5.0
35814,69.26458144187927,9592,16.833569792000002,5.0,5.0
35816,69.26953649520874,9592,23.4668558336,5.0,5.0
35820,69.27425789833069,9592,9.612024149442561,5.0,5.0
35830,69.29113793373108,9592,5.0,5.0,5.0
35833,69.29780983924866,9592,14.0,5.0,5.0
35839,69.31278419494629,9592,18.96,5.0,5.0
35840,69.31410479545593,9592,15.168000000000001,5.0,5.0
35850,69.3323266506195,9592,7.766016000000002,5.0,5.0
35860,69.35698628425598,9592,5.0,5.0,5.0
35870,69.37714743614197,9592,5.0,5.0,5.0
35880,69.40225720405579,9592,5.0,5.0,5.0
35890,69.42864036560059,9592,5.0,5.0,5.0
35898,69.43852877616882,9592,14.0,5.0,5.0
35900,69.44347953796387,9592,14.0,5.0,5.0
35906,69.45414066314697,9592,15.7344,5.0,5.0
35910,69.46220088005066,9592,20.070016000000003,5.0,5.0
35920,69.47783064842224,9592,5.261234274304002,5.0,5.0
35924,69.48788022994995,9592,14.2089874194432,5.0,5.0
35930,69.50654673576355,9592,11.367189935554562,5.0,5.0
35940,69.52341723442078,9592,5.0,5.0,5.0
35950,69.5473382472992,9592,5.0,5.0,5.0
35960,69.56463479995728,9592,5.0,5.0,5.0
35970,69.58911681175232,9592,5.0,5.0,5.0
35971,69.59156394004822,9592,14.0,5.0,5.0
35972,69.59409809112549,9592,21.200000000000003,5.0,5.0
35979,69.60339093208313,9592,18.683520000000005,5.0,5.0
35980,69.60464382171631,9592,14.946816000000005,5.0,5.0
35983,69.61054348945618,9592,19.565962240000005,5.0,5.0
35987,69.62138319015503,9592,22.522215833600004,5.0,5.0
35990,69.62735199928284,9592,18.017772666880003,5.0,5.0
35996,69.63485026359558,9592,19.225099605442566,5.0,5.0
35999,69.63887453079224,9592,19.843250997986594,5.0,5.0
36000,69.64000391960144,9592,19.843250997986594,5.0,5.0
36010,69.65662002563477,9592,5.0,5.0,5.0
36012,69.65938019752502,9592,14.0,5.0,5.0
36020,69.6750237941742,9592,5.734400000000001,5.0,5.0
36025,69.68603801727295,9592,14.0,5.0,5.0
36029,69.69582176208496,9592,18.96,5.0,5.0
36030,69.69652581214905,9592,18.96,5.0,5.0
36040,69.71261811256409,9592,5.0,5.0,5.0
36041,69.71406292915344,9592,14.0,5.0,5.0
36050,69.73192477226257,9592,5.0,5.0,5.0
36054,69.73898220062256,9592,14.0,5.0,5.0
36060,69.74843239784241,9592,5.734400000000001,5.0,5.0
36068,69.76282072067261,9592,14.0,5.0,5.0
36070,69.76522970199585,9592,11.200000000000001,5.0,5.0
36071,69.76677536964417,9592,18.96,5.0,5.0
36073,69.76941895484924,9592,22.1344,5.0,5.0
36080,69.78057527542114,9592,11.3328128,5.0,5.0
36084,69.78525018692017,9592,17.253000192000002,5.0,5.0
36089,69.79393196105957,9592,17.0668288786432,5.0,5.0
36090,69.79723858833313,9592,17.0668288786432,5.0,5.0
36100,69.82130360603333,9592,8.73821638586532,5.0,5.0
36110,69.84542894363403,9592,14.473966789563045,5.0,5.0
36115,69.8518135547638,9592,15.928536797005025,5.0,5.0
36117,69.8545274734497,9592,20.194263550083217,5.0,5.0
36120,69.86065888404846,9592,22.924328672053264,5.0,5.0
36121,69.86200952529907,9592,28.33946293764261,5.0,5.0
36124,69.86687850952148,9592,28.137256280091275,5.0,5.0
36130,69.8753490447998,9592,9.220016137860311,5.0,5.0
36140,69.89958667755127,9592,5.0,5.0,5.0
36150,69.92103552818298,9592,5.0,5.0,5.0
36160,69.93535947799683,9592,5.0,5.0,5.0
36166,69.94298958778381,9592,14.0,5.0,5.0
36170,69.95582795143127,9592,11.200000000000001,5.0,5.0
36171,69.95786046981812,9592,18.96,5.0,5.0
36173,69.96072745323181,9592,22.1344,5.0,5.0
36180,69.97399687767029,9592,11.3328128,5.0,5.0
36190,69.99100828170776,9592,5.0,5.0,5.0
36196,70.0033609867096,9592,14.0,5.0,5.0
36197,70.00482869148254,9592,21.200000000000003,5.0,5.0
36200,70.01239371299744,9592,16.960000000000004,5.0,5.0
36210,70.02810788154602,9592,5.557452800000004,5.0,5.0
36218,70.04447412490845,9592,14.0,5.0,5.0
36220,70.04920530319214,9592,11.200000000000001,5.0,5.0
36230,70.07012486457825,9592,5.0,5.0,5.0
36240,70.08642482757568,9592,5.0,5.0,5.0
36250,70.10517573356628,9592,5.0,5.0,5.0
36260,70.12191867828369,9592,5.0,5.0,5.0
36270,70.14191675186157,9592,5.0,5.0,5.0
36275,70.148118019104,9592,14.0,5.0,5.0
36280,70.15850877761841,9592,8.96,5.0,5.0
36290,70.17675185203552,9592,5.0,5.0,5.0
36300,70.19790458679199,9592,5.0,5.0,5.0
36310,70.21858668327332,9592,5.0,5.0,5.0
36320,70.2366771697998,9592,5.0,5.0,5.0
36330,70.25918316841125,9592,5.0,5.0,5.0
36334,70.26879692077637,9592,14.0,5.0,5.0
36337,70.27487993240356,9592,18.96,5.0,5.0
36340,70.28021550178528,9592,15.168000000000001,5.0,5.0
36347,70.29813122749329,9592,17.766016,5.0,5.0
36350,70.30662322044373,9592,14.212812800000002,5.0,5.0
36354,70.31328845024109,9592,19.096200192000005,5.0,5.0
36355,70.31468868255615,9592,25.276960153600005,5.0,5.0
36360,70.32126927375793,9592,10.353442878914564,5.0,5.0
36364,70.3286201953888,9592,16.62620344250532,5.0,5.0
36370,70.34392976760864,9592,13.300962754004258,5.0,5.0
36371,70.34539723396301,9592,20.64077020320341,5.0,5.0
36373,70.3481273651123,9592,23.210092930050184,5.0,5.0
36380,70.35659170150757,9592,7.605483251318846,5.0,5.0
36390,70.37570691108704,9592,5.0,5.0,5.0
36392,70.37838554382324,9592,14.0,5.0,5.0
36393,70.3798599243164,9592,21.200000000000003,5.0,5.0
36400,70.39292359352112,9592,8.683520000000005,5.0,5.0
36404,70.407053232193,9592,16.946816000000005,5.0,5.0
36410,70.41638040542603,9592,6.941415833600004,5.0,5.0
36420,70.43746614456177,9592,5.0,5.0,5.0
36428,70.45792865753174,9592,14.0,5.0,5.0
36430,70.46115112304688,9592,8.96,5.0,5.0
36433,70.46514844894409,9592,17.168,5.0,5.0
36435,70.46790838241577,9592,20.987520000000004,5.0,5.0
36440,70.47358226776123,9592,16.790016000000005,5.0,5.0
36441,70.47504234313965,9592,23.432012800000003,5.0,5.0
36446,70.48375487327576,9592,21.9971905536,5.0,5.0
36447,70.48521780967712,9592,27.59775244288,5.0,5.0
36450,70.48849701881409,9592,22.078201954304003,5.0,5.0
36460,70.51000642776489,9592,7.234585216386336,5.0,5.0
36470,70.52470374107361,9592,5.0,5.0,5.0
36480,70.5498046875,9592,5.0,5.0,5.0
36487,70.56907415390015,9592,14.0,5.0,5.0
36490,70.57306742668152,9592,7.168000000000001,5.0,5.0
36500,70.59017062187195,9592,5.0,5.0,5.0
36508,70.60708093643188,9592,14.0,5.0,5.0
36510,70.6095507144928,9592,11.200000000000001,5.0,5.0
36514,70.61451530456543,9592,17.168,5.0,5.0
36520,70.62526249885559,9592,7.032012800000001,5.0,5.0
36530,70.643075466156,9592,5.0,5.0,5.0
36532,70.64584112167358,9592,14.0,5.0,5.0
36540,70.65730738639832,9592,8.96,5.0,5.0
36545,70.6637556552887,9592,14.587520000000001,5.0,5.0
36550,70.6697461605072,9592,9.336012800000002,5.0,5.0
36560,70.6940324306488,9592,15.975048192000003,5.0,5.0
36570,70.71065521240234,9592,5.0,5.0,5.0
36574,70.71832728385925,9592,14.0,5.0,5.0
36580,70.7388379573822,9592,8.96,5.0,5.0
36582,70.74189281463623,9592,15.7344,5.0,5.0
36585,70.74824643135071,9592,20.070016000000003,5.0,5.0
36590,70.75501585006714,9592,20.275848192,5.0,5.0
36600,70.76681423187256,9592,6.643989935554562,5.0,5.0
36610,70.78856444358826,9592,5.0,5.0,5.0
36620,70.81372356414795,9592,5.0,5.0,5.0
36630,70.8359944820404,9592,5.0,5.0,5.0
36638,70.84891271591187,9592,14.0,5.0,5.0
36640,70.85167145729065,9592,21.200000000000003,5.0,5.0
36646,70.86354064941406,9592,20.854400000000005,5.0,5.0
36650,70.86874628067017,9592,23.346816000000004,5.0,5.0
36651,70.8701503276825,9592,28.677452800000005,5.0,5.0
36654,70.874196767807,9592,24.682855833600005,5.0,5.0
36660,70.88422751426697,9592,10.110097749442565,5.0,5.0
36670,70.90148115158081,9592,5.0,5.0,5.0
36680,70.9227991104126,9592,5.0,5.0,5.0
36690,70.94672918319702,9592,5.0,5.0,5.0
36700,70.97282433509827,9592,5.0,5.0,5.0
36707,70.9860029220581,9592,14.0,5.0,5.0
36710,70.99266052246094,9592,8.96,5.0,5.0
36711,70.99417901039124,9592,17.168,5.0,5.0
36720,71.01321911811829,9592,7.032012800000001,5.0,5.0
36726,71.02358913421631,9592,14.500488192000002,5.0,5.0
36730,71.03084897994995,9592,11.600390553600002,5.0,5.0
36740,71.05055451393127,9592,5.0,5.0,5.0
36750,71.0724880695343,9592,5.0,5.0,5.0
36760,71.09379124641418,9592,5.0,5.0,5.0
36770,71.11286091804504,9592,5.0,5.0,5.0
36778,71.13213419914246,9592,14.0,5.0,5.0
36780,71.13690853118896,9592,14.0,5.0,5.0
36790,71.15398263931274,9592,5.0,5.0,5.0
36800,71.17687964439392,9592,5.0,5.0,5.0
36810,71.20988035202026,9592,5.0,5.0,5.0
36820,71.22934484481812,9592,5.0,5.0,5.0
36830,71.24587345123291,9592,5.0,5.0,5.0
36840,71.26757073402405,9592,5.0,5.0,5.0
36850,71.29193592071533,9592,5.0,5.0,5.0
36860,71.31488943099976,9592,5.0,5.0,5.0
36863,71.32744526863098,9592,14.0,5.0,5.0
36864,71.32889652252197,9592,21.200000000000003,5.0,5.0
36870,71.33622550964355,9592,10.854400000000005,5.0,5.0
36872,71.33883953094482,9592,18.683520000000005,5.0,5.0
36880,71.35595679283142,9592,7.652769792000004,5.0,5.0
36890,71.37437343597412,9592,5.0,5.0,5.0
36900,71.39025330543518,9592,5.0,5.0,5.0
36910,71.40922451019287,9592,5.0,5.0,5.0
36911,71.41074395179749,9592,14.0,5.0,5.0
36916,71.41943955421448,9592,15.7344,5.0,5.0
36920,71.42383623123169,9592,10.070016000000003,5.0,5.0
36927,71.4347174167633,9592,15.155848192000002,5.0,5.0
36930,71.4384536743164,9592,7.759794274304003,5.0,5.0
36931,71.43982458114624,9592,16.207835419443203,5.0,5.0
36937,71.44698667526245,9592,15.310983510243151,5.0,5.0
36940,71.45065808296204,9592,7.839223557244495,5.0,5.0
36950,71.47233200073242,9592,14.0,5.0,5.0
36960,71.49244093894958,9592,5.0,5.0,5.0
36966,71.50214266777039,9592,14.0,5.0,5.0
36970,71.50910520553589,9592,8.96,5.0,5.0
36975,71.52011322975159,9592,15.7344,5.0,5.0
36980,71.52892017364502,9592,6.4448102400000025,5.0,5.0
36990,71.54835867881775,9592,5.0,5.0,5.0
37000,71.56781053543091,9592,5.0,5.0,5.0
37005,71.57619190216064,9592,14.0,5.0,5.0
37007,71.58116483688354,9592,21.200000000000003,5.0,5.0
37010,71.5876579284668,9592,16.960000000000004,5.0,5.0
37020,71.61021304130554,9592,6.9468160000000045,5.0,5.0
37021,71.61183261871338,9592,15.557452800000004,5.0,5.0
37030,71.62884283065796,9592,6.372332666880002,5.0,5.0
37034,71.63875365257263,9592,15.097866133504002,5.0,5.0
37040,71.65043115615845,9592,9.662634325442562,5.0,5.0
37050,71.67362213134766,9592,6.184085968283241,5.0,5.0
37060,71.69686007499695,9592,5.0,5.0,5.0
37070,71.71578192710876,9592,5.0,5.0,5.0
37072,71.71810603141785,9592,14.0,5.0,5.0
37075,71.72497868537903,9592,18.96,5.0,5.0
37078,71.72920083999634,9592,22.1344,5.0,5.0
37080,71.73175692558289,9592,14.166015999999999,5.0,5.0
37090,71.7578604221344,9592,5.0,5.0,5.0
37099,71.77399754524231,9592,14.0,5.0,5.0
37100,71.7753894329071,9592,21.200000000000003,5.0,5.0
37101,71.77681922912598,9592,26.960000000000004,5.0,5.0
37110,71.80196714401245,9592,7.067402240000003,5.0,5.0
37118,71.81511926651001,9592,14.0,5.0,5.0
37120,71.82029414176941,9592,14.0,5.0,5.0
37130,71.83854079246521,9592,5.0,5.0,5.0
37139,71.86167788505554,9592,14.0,5.0,5.0
37140,71.86633467674255,9592,14.0,5.0,5.0
37150,71.8854627609253,9592,5.0,5.0,5.0
37158,71.9057514667511,9592,14.0,5.0,5.0
37160,71.9083240032196,9592,11.200000000000001,5.0,5.0
37170,71.92902326583862,9592,5.0,5.0,5.0
37180,71.95044040679932,9592,5.0,5.0,5.0
37190,71.97369074821472,9592,5.0,5.0,5.0
37200,72.00287628173828,9592,5.0,5.0,5.0
37204,72.01376414299011,9592,14.0,5.0,5.0
37210,72.02094030380249,9592,5.734400000000001,5.0,5.0
37220,72.0525975227356,9592,5.0,5.0,5.0
37225,72.05938839912415,9592,14.0,5.0,5.0
37228,72.06329011917114,9592,21.200000000000003,5.0,5.0
37230,72.06833219528198,9592,16.960000000000004,5.0,5.0
37234,72.0761034488678,9592,18.683520000000005,5.0,5.0
37240,72.08371806144714,9592,9.565962240000005,5.0,5.0
37250,72.10055661201477,9592,5.0,5.0,5.0
37260,72.1228449344635,9592,5.0,5.0,5.0
37268,72.1372618675232,9592,14.0,5.0,5.0
37270,72.14218235015869,9592,14.0,5.0,5.0
37280,72.16194105148315,9592,5.0,5.0,5.0
37290,72.18199181556702,9592,5.0,5.0,5.0
37300,72.20096564292908,9592,5.0,5.0,5.0
37310,72.21465706825256,9592,5.0,5.0,5.0
37320,72.23121547698975,9592,14.0,5.0,5.0
37322,72.23395729064941,9592,21.200000000000003,5.0,5.0
37325,72.23780584335327,9592,23.568000000000005,5.0,5.0
37326,72.23927998542786,9592,28.854400000000005,5.0,5.0
37329,72.24322700500488,9592,28.466816000000005,5.0,5.0
37330,72.24451947212219,9592,22.773452800000005,5.0,5.0
37332,72.24728870391846,9592,24.575009792000003,5.0,5.0
37334,72.25001764297485,9592,25.728006266880005,5.0,5.0
37340,72.2600998878479,9592,8.430553093531241,5.0,5.0
37350,72.27957558631897,9592,5.0,5.0,5.0
37360,72.29978513717651,9592,5.0,5.0,5.0
37361,72.30127453804016,9592,14.0,5.0,5.0
37367,72.31152248382568,9592,17.168,5.0,5.0
37370,72.31732845306396,9592,17.168,5.0,5.0
37380,72.34207725524902,9592,7.032012800000001,5.0,5.0
37390,72.3592700958252,9592,5.0,5.0,5.0
37400,72.3878071308136,9592,5.0,5.0,5.0
37410,72.41681671142578,9592,5.0,5.0,5.0
37417,72.42818069458008,9592,14.0,5.0,5.0
37420,72.4367413520813,9592,11.200000000000001,5.0,5.0
37430,72.45886087417603,9592,5.0,5.0,5.0
37432,72.46161818504333,9592,14.0,5.0,5.0
37440,72.47370338439941,9592,5.0,5.0,5.0
37450,72.49336671829224,9592,14.0,5.0,5.0
37460,72.51772499084473,9592,7.168000000000001,5.0,5.0
37464,72.5282142162323,9592,14.587520000000001,5.0,5.0
37470,72.54529881477356,9592,9.336012800000002,5.0,5.0
37480,72.57184386253357,9592,5.0,5.0,5.0
37490,72.59340572357178,9592,5.0,5.0,5.0
37500,72.61747169494629,9592,5.0,5.0,5.0
37502,72.62028884887695,9592,14.0,5.0,5.0
37510,72.64470553398132,9592,7.168000000000001,5.0,5.0
37514,72.65242385864258,9592,14.0,5.0,5.0
37520,72.66438961029053,9592,7.168000000000001,5.0,5.0
37530,72.68151068687439,9592,5.0,5.0,5.0
37540,72.70031714439392,9592,5.0,5.0,5.0
37550,72.72306323051453,9592,5.0,5.0,5.0
37560,72.73945760726929,9592,5.0,5.0,5.0
37568,72.75677752494812,9592,14.0,5.0,5.0
37570,72.7588620185852,9592,11.200000000000001,5.0,5.0
37573,72.76285362243652,9592,17.168,5.0,5.0
37577,72.77279305458069,9592,20.987520000000004,5.0,5.0
37580,72.78104591369629,9592,16.790016000000005,5.0,5.0
37582,72.78385615348816,9592,20.745610240000005,5.0,5.0
37590,72.79857873916626,9592,8.497401954304005,5.0,5.0
37600,72.81753349304199,9592,6.797921563443204,5.0,5.0
37610,72.83665728569031,9592,5.0,5.0,5.0
37620,72.85821342468262,9592,5.0,5.0,5.0
37630,72.87311959266663,9592,5.0,5.0,5.0
37631,72.87461972236633,9592,14.0,5.0,5.0
37632,72.87962579727173,9592,21.200000000000003,5.0,5.0
37640,72.89478182792664,9592,6.9468160000000045,5.0,5.0
37650,72.918936252594,9592,5.0,5.0,5.0
37651,72.92041683197021,9592,14.0,5.0,5.0
37657,72.93051099777222,9592,15.7344,5.0,5.0
37660,72.9345018863678,9592,18.056012800000005,5.0,5.0
37667,72.9452395439148,9592,19.244678553600004,5.0,5.0
37670,72.94890904426575,9592,22.316594274304002,5.0,5.0
37673,72.95293283462524,9592,21.42609626844365,5.0,5.0
37674,72.9543445110321,9592,27.14087701475492,5.0,5.0
37675,72.95568656921387,9592,31.712701611803936,5.0,5.0
37680,72.96150183677673,9592,16.23690322524362,5.0,5.0
37683,72.97042655944824,9592,22.989522580194894,5.0,5.0
37690,72.98103165626526,9592,9.416508448847832,5.0,5.0
37700,72.998117685318,9592,5.0,5.0,5.0
37710,73.01776909828186,9592,5.0,5.0,5.0
37720,73.04318284988403,9592,5.0,5.0,5.0
37725,73.05171751976013,9592,14.0,5.0,5.0
37730,73.06446409225464,9592,14.0,5.0,5.0
37740,73.08109617233276,9592,7.168000000000001,5.0,5.0
37744,73.08799290657043,9592,14.0,5.0,5.0
37748,73.09551572799683,9592,18.96,5.0,5.0
37750,73.10018920898438,9592,15.168000000000001,5.0,5.0
37760,73.11408519744873,9592,5.0,5.0,5.0
37770,73.13961219787598,9592,5.0,5.0,5.0
37780,73.15761876106262,9592,5.0,5.0,5.0
37790,73.18772864341736,9592,5.0,5.0,5.0
37797,73.20782899856567,9592,14.0,5.0,5.0
37799,73.21067595481873,9592,18.96,5.0,5.0
37800,73.21192598342896,9592,15.168000000000001,5.0,5.0
37803,73.21603655815125,9592,17.766016,5.0,5.0
37804,73.21751117706299,9592,24.212812800000002,5.0,5.0
37809,73.22676396369934,9592,19.917568122880006,5.0,5.0
37810,73.22800922393799,9592,15.934054498304006,5.0,5.0
37816,73.2377233505249,9592,18.158235903131654,5.0,5.0
37820,73.24524140357971,9592,11.62127097800426,5.0,5.0
37830,73.26230239868164,9592,5.0,5.0,5.0
37833,73.26644444465637,9592,14.0,5.0,5.0
37838,73.27850341796875,9592,18.96,5.0,5.0
37839,73.28001880645752,9592,25.168,5.0,5.0
37840,73.28348517417908,9592,25.168,5.0,5.0
37850,73.29898071289062,9592,5.278112153600002,5.0,5.0
37856,73.31612825393677,9592,14.222489722880002,5.0,5.0
37859,73.32281708717346,9592,19.102393422643203,5.0,5.0
37860,73.32404470443726,9592,15.281914738114564,5.0,5.0
37864,73.3290023803711,9592,16.259472276731728,5.0,5.0
37865,73.33052062988281,9592,23.007577821385382,5.0,5.0
37870,73.34197473526001,9592,11.779879844549317,5.0,5.0
37880,73.35901975631714,9592,5.0,5.0,5.0
37890,73.37369775772095,9592,5.0,5.0,5.0
37900,73.40886163711548,9592,5.0,5.0,5.0
37910,73.43510222434998,9592,5.0,5.0,5.0
37920,73.47064065933228,9592,5.0,5.0,5.0
37924,73.47614765167236,9592,14.0,5.0,5.0
37930,73.48650288581848,9592,7.168000000000001,5.0,5.0
37938,73.50123596191406,9592,14.587520000000001,5.0,5.0
37940,73.5039005279541,9592,9.336012800000002,5.0,5.0
37950,73.52627468109131,9592,5.0,5.0,5.0
37960,73.54570865631104,9592,14.0,5.0,5.0
37966,73.55585789680481,9592,15.7344,5.0,5.0
37970,73.5610625743866,9592,8.056012800000003,5.0,5.0
37980,73.58239340782166,9592,5.0,5.0,5.0
37985,73.59130597114563,9592,14.0,5.0,5.0
37990,73.59984517097473,9592,8.96,5.0,5.0
38000,73.61922574043274,9592,5.0,5.0,5.0
38010,73.64453268051147,9592,5.0,5.0,5.0
38020,73.66511845588684,9592,5.0,5.0,5.0
38030,73.68723034858704,9592,5.0,5.0,5.0
38039,73.70149970054626,9592,14.0,5.0,5.0
38040,73.70277214050293,9592,11.200000000000001,5.0,5.0
38045,73.71180725097656,9592,15.7344,5.0,5.0
38050,73.72033452987671,9592,6.4448102400000025,5.0,5.0
38051,73.72177028656006,9592,15.155848192000002,5.0,5.0
38059,73.73863554000854,9592,17.759794274304003,5.0,5.0
38060,73.73988819122314,9592,14.207835419443203,5.0,5.0
38070,73.75839591026306,9592,7.274411734754921,5.0,5.0
38080,73.77959036827087,9592,5.0,5.0,5.0
38090,73.79977250099182,9592,14.0,5.0,5.0
38092,73.80245852470398,9592,18.96,5.0,5.0
38098,73.81277775764465,9592,16.212812800000002,5.0,5.0
38100,73.8153760433197,9592,10.376200192000002,5.0,5.0
38110,73.83269786834717,9592,5.0,5.0,5.0
38115,73.84723997116089,9592,14.0,5.0,5.0
38119,73.85700702667236,9592,18.96,5.0,5.0
38120,73.85827612876892,9592,15.168000000000001,5.0,5.0
38130,73.88258385658264,9592,6.212812800000002,5.0,5.0
38140,73.90779423713684,9592,5.0,5.0,5.0
38150,73.93011999130249,9592,5.0,5.0,5.0
38160,73.95571994781494,9592,5.0,5.0,5.0
38170,73.97648096084595,9592,5.0,5.0,5.0
38180,73.99666452407837,9592,5.0,5.0,5.0
38189,74.01159405708313,9592,14.0,5.0,5.0
38190,74.01283931732178,9592,11.200000000000001,5.0,5.0
38200,74.03756666183472,9592,5.0,5.0,5.0
38210,74.05908703804016,9592,5.0,5.0,5.0
38220,74.07860493659973,9592,14.0,5.0,5.0
38221,74.08005428314209,9592,21.200000000000003,5.0,5.0
38226,74.08937764167786,9592,20.854400000000005,5.0,5.0
38230,74.094722032547,9592,10.677452800000005,5.0,5.0
38240,74.1119875907898,9592,5.0,5.0,5.0
38242,74.11489582061768,9592,14.0,5.0,5.0
38250,74.13014316558838,9592,14.587520000000001,5.0,5.0
38255,74.13958477973938,9592,15.975048192000003,5.0,5.0
38260,74.14833807945251,9592,6.5433797394432025,5.0,5.0
38270,74.17266821861267,9592,5.0,5.0,5.0
38280,74.19639086723328,9592,5.0,5.0,5.0
38285,74.21177339553833,9592,14.0,5.0,5.0
38290,74.21805882453918,9592,5.734400000000001,5.0,5.0
38300,74.24382972717285,9592,5.0,5.0,5.0
38310,74.26788210868835,9592,5.0,5.0,5.0
38320,74.29402780532837,9592,5.0,5.0,5.0
38322,74.29693841934204,9592,14.0,5.0,5.0
38326,74.30226349830627,9592,17.168,5.0,5.0
38330,74.31446480751038,9592,13.7344,5.0,5.0
38334,74.32333993911743,9592,17.0320128,5.0,5.0
38340,74.33361864089966,9592,10.900488192000001,5.0,5.0
38342,74.33885407447815,9592,18.7203905536,5.0,5.0
38350,74.35292530059814,9592,9.584839963443201,5.0,5.0
38357,74.36733675003052,9592,16.13429757660365,5.0,5.0
38360,74.37085700035095,9592,8.26076035922107,5.0,5.0
38370,74.39941239356995,9592,5.0,5.0,5.0
38380,74.42077136039734,9592,5.0,5.0,5.0
38390,74.44228291511536,9592,5.0,5.0,5.0
38400,74.46178889274597,9592,5.0,5.0,5.0
38410,74.48259019851685,9592,14.0,5.0,5.0
38411,74.48414731025696,9592,21.200000000000003,5.0,5.0
38420,74.5002715587616,9592,16.946816000000005,5.0,5.0
38430,74.5198884010315,9592,5.553132666880003,5.0,5.0
38440,74.54419803619385,9592,5.0,5.0,5.0
38441,74.54581832885742,9592,14.0,5.0,5.0
38450,74.56734418869019,9592,7.168000000000001,5.0,5.0
38456,74.57974672317505,9592,15.7344,5.0,5.0
38458,74.58243227005005,9592,22.58752,5.0,5.0
38460,74.5850601196289,9592,14.456012800000003,5.0,5.0
38470,74.59930634498596,9592,5.0,5.0,5.0
38480,74.63543629646301,9592,5.0,5.0,5.0
38490,74.65789794921875,9592,5.0,5.0,5.0
38500,74.67912817001343,9592,5.0,5.0,5.0
38504,74.68447518348694,9592,14.0,5.0,5.0
38510,74.69183731079102,9592,5.0,5.0,5.0
38520,74.7114987373352,9592,5.0,5.0,5.0
38530,74.73174548149109,9592,5.0,5.0,5.0
38539,74.7497706413269,9592,14.0,5.0,5.0
38540,74.7533016204834,9592,14.0,5.0,5.0
38548,74.76684999465942,9592,14.587520000000001,5.0,5.0
38550,74.77200031280518,9592,14.587520000000001,5.0,5.0
38552,74.77489638328552,9592,19.336012800000002,5.0,5.0
38560,74.79015374183655,9592,6.336024674304003,5.0,5.0
38566,74.8005964756012,9592,14.055055791554562,5.0,5.0
38570,74.80843377113342,9592,7.1961885652759365,5.0,5.0
38580,74.82877969741821,9592,5.0,5.0,5.0
38590,74.85426354408264,9592,5.0,5.0,5.0
38600,74.8866024017334,9592,5.0,5.0,5.0
38610,74.90991282463074,9592,5.0,5.0,5.0
38616,74.92019176483154,9592,14.0,5.0,5.0
38617,74.92169117927551,9592,21.200000000000003,5.0,5.0
38620,74.93003845214844,9592,26.960000000000004,5.0,5.0
38628,74.94453167915344,9592,21.042816000000002,5.0,5.0
38630,74.94701027870178,9592,16.8342528,5.0,5.0
38640,74.9664351940155,9592,8.619137433600002,5.0,5.0
38650,74.99500179290771,9592,5.516247957504002,5.0,5.0
38660,75.01649188995361,9592,5.0,5.0,5.0
38670,75.03964734077454,9592,5.0,5.0,5.0
38680,75.07441401481628,9592,5.0,5.0,5.0
38690,75.10598087310791,9592,5.0,5.0,5.0
38700,75.13318085670471,9592,5.0,5.0,5.0
38710,75.1548593044281,9592,14.0,5.0,5.0
38720,75.16983270645142,9592,5.734400000000001,5.0,5.0
38725,75.18093061447144,9592,14.0,5.0,5.0
38730,75.18720531463623,9592,7.168000000000001,5.0,5.0
38740,75.21522903442383,9592,5.0,5.0,5.0
38750,75.23914647102356,9592,5.0,5.0,5.0
38760,75.26628637313843,9592,5.0,5.0,5.0
38770,75.29016208648682,9592,5.0,5.0,5.0
38780,75.31532549858093,9592,5.0,5.0,5.0
38788,75.33333158493042,9592,14.0,5.0,5.0
38789,75.33480668067932,9592,21.200000000000003,5.0,5.0
38790,75.33609294891357,9592,16.960000000000004,5.0,5.0
38800,75.35207915306091,9592,5.0,5.0,5.0
38810,75.37456154823303,9592,5.0,5.0,5.0
38819,75.38954901695251,9592,14.0,5.0,5.0
38820,75.39319610595703,9592,14.0,5.0,5.0
38830,75.4124641418457,9592,7.168000000000001,5.0,5.0
38839,75.42553925514221,9592,14.0,5.0,5.0
38840,75.42916703224182,9592,14.0,5.0,5.0
38847,75.43777751922607,9592,17.168,5.0,5.0
38850,75.44393014907837,9592,13.7344,5.0,5.0
38860,75.46150016784668,9592,5.0,5.0,5.0
38870,75.48137474060059,9592,5.0,5.0,5.0
38877,75.49307489395142,9592,14.0,5.0,5.0
38878,75.49457597732544,9592,21.200000000000003,5.0,5.0
38880,75.49955940246582,9592,16.960000000000004,5.0,5.0
38890,75.5152895450592,9592,6.9468160000000045,5.0,5.0
38900,75.53268790245056,9592,5.0,5.0,5.0
38910,75.55070924758911,9592,5.0,5.0,5.0
38917,75.573810338974,9592,14.0,5.0,5.0
38920,75.57834553718567,9592,8.96,5.0,5.0
38930,75.59513735771179,9592,5.0,5.0,5.0
38940,75.61634397506714,9592,5.0,5.0,5.0
38950,75.63876557350159,9592,5.0,5.0,5.0
38960,75.65565609931946,9592,5.0,5.0,5.0
38970,75.67502212524414,9592,5.0,5.0,5.0
38974,75.68379378318787,9592,14.0,5.0,5.0
38980,75.69457054138184,9592,5.0,5.0,5.0
38990,75.71667265892029,9592,5.0,5.0,5.0
39000,75.74213600158691,9592,5.0,5.0,5.0
39003,75.74624466896057,9592,14.0,5.0,5.0
39010,75.75957179069519,9592,8.96,5.0,5.0
39020,75.77810883522034,9592,5.0,5.0,5.0
39030,75.79760003089905,9592,5.0,5.0,5.0
39032,75.80057001113892,9592,14.0,5.0,5.0
39034,75.8056960105896,9592,21.200000000000003,5.0,5.0
39037,75.80983757972717,9592,20.854400000000005,5.0,5.0
39040,75.81375050544739,9592,10.677452800000005,5.0,5.0
39050,75.83667469024658,9592,5.466855833600003,5.0,5.0
39060,75.85986828804016,9592,5.0,5.0,5.0
39070,75.87898969650269,9592,5.0,5.0,5.0
39080,75.90041303634644,9592,5.0,5.0,5.0
39082,75.90561652183533,9592,14.0,5.0,5.0
39090,75.92526054382324,9592,5.734400000000001,5.0,5.0
39096,75.94006323814392,9592,14.0,5.0,5.0
39099,75.94398999214172,9592,18.96,5.0,5.0
39100,75.94533967971802,9592,25.168,5.0,5.0
39110,75.9647262096405,9592,8.247050240000002,5.0,5.0
39120,75.996164560318,9592,5.0,5.0,5.0
39130,76.01859378814697,9592,14.0,5.0,5.0
39140,76.03664684295654,9592,15.7344,5.0,5.0
39148,76.0548448562622,9592,14.124678553600003,5.0,5.0
39150,76.05729126930237,9592,11.299742842880002,5.0,5.0
39160,76.07753252983093,9592,5.0,5.0,5.0
39170,76.09917688369751,9592,5.0,5.0,5.0
39180,76.11845469474792,9592,5.0,5.0,5.0
39190,76.14007377624512,9592,5.0,5.0,5.0
39195,76.15074110031128,9592,14.0,5.0,5.0
39200,76.15915656089783,9592,8.96,5.0,5.0
39210,76.17404365539551,9592,5.0,5.0,5.0
39215,76.18218946456909,9592,14.0,5.0,5.0
39217,76.184903383255,9592,18.96,5.0,5.0
39220,76.18829417228699,9592,9.707520000000002,5.0,5.0
39230,76.20483589172363,9592,6.212812800000002,5.0,5.0
39238,76.21903562545776,9592,14.0,5.0,5.0
39240,76.22382044792175,9592,14.0,5.0,5.0
39247,76.23506331443787,9592,15.7344,5.0,5.0
39250,76.23821902275085,9592,12.587520000000001,5.0,5.0
39251,76.23964333534241,9592,20.070016000000003,5.0,5.0
39260,76.25456118583679,9592,6.576542842880001,5.0,5.0
39270,76.27273845672607,9592,5.0,5.0,5.0
39280,76.30142784118652,9592,5.0,5.0,5.0
39290,76.31907224655151,9592,5.0,5.0,5.0
39293,76.32772159576416,9592,14.0,5.0,5.0
39300,76.34121084213257,9592,7.168000000000001,5.0,5.0
39308,76.3587851524353,9592,14.0,5.0,5.0
39310,76.3616247177124,9592,18.96,5.0,5.0
39320,76.37877774238586,9592,5.0,5.0,5.0
39324,76.38624382019043,9592,14.0,5.0,5.0
39330,76.39596176147461,9592,8.96,5.0,5.0
39331,76.39798736572266,9592,17.168,5.0,5.0
39340,76.41198348999023,9592,5.625610240000001,5.0,5.0
39341,76.41355085372925,9592,14.500488192000002,5.0,5.0
39350,76.42736983299255,9592,5.9393999634432015,5.0,5.0
39360,76.45168852806091,9592,5.0,5.0,5.0
39366,76.4624764919281,9592,14.0,5.0,5.0
39368,76.46506881713867,9592,21.200000000000003,5.0,5.0
39370,76.46756100654602,9592,16.960000000000004,5.0,5.0
39378,76.48401856422424,9592,16.946816000000005,5.0,5.0
39380,76.48882675170898,9592,13.557452800000005,5.0,5.0
39390,76.50970029830933,9592,5.553132666880003,5.0,5.0
39400,76.5312979221344,9592,5.0,5.0,5.0
39410,76.5565345287323,9592,5.0,5.0,5.0
39420,76.57632565498352,9592,5.0,5.0,5.0
39428,76.5896782875061,9592,14.0,5.0,5.0
39430,76.59224653244019,9592,8.96,5.0,5.0
39434,76.59724402427673,9592,14.587520000000001,5.0,5.0
39440,76.60622239112854,9592,7.4688102400000025,5.0,5.0
39450,76.6278145313263,9592,5.0,5.0,5.0
39452,76.63303208351135,9592,14.0,5.0,5.0
39460,76.64800882339478,9592,7.168000000000001,5.0,5.0
39465,76.65782356262207,9592,15.7344,5.0,5.0
39470,76.66830325126648,9592,10.070016000000003,5.0,5.0
39472,76.6733648777008,9592,18.056012800000005,5.0,5.0
39480,76.69017934799194,9592,11.555848192000004,5.0,5.0
39490,76.71102476119995,9592,7.395742842880003,5.0,5.0
39497,76.72563171386719,9592,14.0,5.0,5.0
39500,76.7344217300415,9592,17.168,5.0,5.0
39509,76.75619435310364,9592,17.0320128,5.0,5.0
39510,76.75743412971497,9592,13.62561024,5.0,5.0
39520,76.76996970176697,9592,5.0,5.0,5.0
39530,76.792001247406,9592,5.0,5.0,5.0
39540,76.81648850440979,9592,5.0,5.0,5.0
39542,76.81941533088684,9592,14.0,5.0,5.0
39550,76.83379292488098,9592,5.734400000000001,5.0,5.0
39552,76.83899116516113,9592,14.587520000000001,5.0,5.0
39560,76.84866833686829,9592,5.0,5.0,5.0
39570,76.86788892745972,9592,5.0,5.0,5.0
39580,76.89060091972351,9592,5.0,5.0,5.0
39590,76.9078221321106,9592,5.0,5.0,5.0
39600,76.9294068813324,9592,5.0,5.0,5.0
39609,76.94529700279236,9592,14.0,5.0,5.0
39610,76.94657778739929,9592,11.200000000000001,5.0,5.0
39615,76.95323538780212,9592,14.587520000000001,5.0,5.0
39620,76.96115732192993,9592,9.336012800000002,5.0,5.0
39622,76.966139793396,9592,17.468810240000003,5.0,5.0
39630,76.98053002357483,9592,7.1552246743040016,5.0,5.0
39640,76.99767851829529,9592,5.0,5.0,5.0
39646,77.01354885101318,9592,14.0,5.0,5.0
39650,77.02067756652832,9592,8.96,5.0,5.0
39660,77.03926992416382,9592,5.0,5.0,5.0
39670,77.0584077835083,9592,5.0,5.0,5.0
39679,77.07528162002563,9592,14.0,5.0,5.0
39680,77.07648968696594,9592,14.0,5.0,5.0
39690,77.09570503234863,9592,7.168000000000001,5.0,5.0
39700,77.11420607566833,9592,5.0,5.0,5.0
39702,77.11691999435425,9592,14.0,5.0,5.0
39710,77.13455605506897,9592,7.168000000000001,5.0,5.0
39720,77.16219544410706,9592,5.0,5.0,5.0
39730,77.17743277549744,9592,5.0,5.0,5.0
39740,77.19474196434021,9592,5.0,5.0,5.0
39750,77.21942353248596,9592,5.0,5.0,5.0
39754,77.22987937927246,9592,14.0,5.0,5.0
39760,77.23932957649231,9592,7.168000000000001,5.0,5.0
39770,77.26182866096497,9592,5.0,5.0,5.0
39778,77.2793755531311,9592,14.0,5.0,5.0
39780,77.28213500976562,9592,8.96,5.0,5.0
39785,77.2961893081665,9592,15.7344,5.0,5.0
39790,77.30602312088013,9592,18.056012800000005,5.0,5.0
39791,77.307626247406,9592,24.444810240000002,5.0,5.0
39800,77.32652473449707,9592,8.010075419443202,5.0,5.0
39809,77.34024930000305,9592,14.0,5.0,5.0
39810,77.34168553352356,9592,21.200000000000003,5.0,5.0
39816,77.35182738304138,9592,20.854400000000005,5.0,5.0
39820,77.359778881073,9592,10.677452800000005,5.0,5.0
39822,77.36523604393005,9592,18.541962240000004,5.0,5.0
39830,77.37847685813904,9592,5.0,5.0,5.0
39840,77.39632391929626,9592,5.0,5.0,5.0
39841,77.39788627624512,9592,14.0,5.0,5.0
39844,77.40675520896912,9592,21.200000000000003,5.0,5.0
39849,77.41555690765381,9592,20.854400000000005,5.0,5.0
39850,77.41673517227173,9592,20.854400000000005,5.0,5.0
39859,77.42882680892944,9592,14.0,5.0,5.0
39860,77.43025374412537,9592,21.200000000000003,5.0,5.0
39861,77.43168497085571,9592,26.960000000000004,5.0,5.0
39870,77.44990134239197,9592,7.067402240000003,5.0,5.0
39878,77.47004914283752,9592,14.523137433600002,5.0,5.0
39879,77.47156429290771,9592,21.618509946880003,5.0,5.0
39880,77.47272777557373,9592,21.618509946880003,5.0,5.0
39890,77.50373339653015,9592,14.533730137211931,5.0,5.0
39900,77.52714943885803,9592,5.9530158642020075,5.0,5.0
39902,77.53249001502991,9592,14.762412691361607,5.0,5.0
39907,77.54019474983215,9592,19.44794412247143,5.0,5.0
39910,77.55147504806519,9592,15.558355297977144,5.0,5.0
39920,77.58144474029541,9592,7.965877912564299,5.0,5.0
39922,77.58388543128967,9592,15.098161864041153,5.0,5.0
39925,77.58805775642395,9592,17.730258874389072,5.0,5.0
39930,77.59634399414062,9592,9.077892543687206,5.0,5.0
39935,77.60715460777283,9592,14.64788098236785,5.0,5.0
39939,77.61418008804321,9592,19.374643828715428,5.0,5.0
39940,77.6175844669342,9592,19.374643828715428,5.0,5.0
39942,77.62037348747253,9592,22.399772050377877,5.0,5.0
39947,77.63162350654602,9592,24.33585411224184,5.0,5.0
39950,77.63582682609558,9592,22.459957305467825,5.0,5.0
39957,77.65051412582397,9592,17.359678809855698,5.0,5.0
39960,77.65460276603699,9592,18.88815555064612,5.0,5.0
39961,77.65605545043945,9592,25.110524440516897,5.0,5.0
39970,77.69517970085144,9592,12.856588513544654,5.0,5.0
39975,77.70460677146912,9592,18.228216648668578,5.0,5.0
39980,77.71045660972595,9592,9.332846924118313,5.0,5.0
39990,77.72717118263245,9592,5.0,5.0,5.0
39993,77.73364329338074,9592,14.0,5.0,5.0
40000,77.74746370315552,9592,7.168000000000001,5.0,5.0
40010,77.77391719818115,9592,5.0,5.0,5.0
40020,77.79333019256592,9592,5.0,5.0,5.0
40021,77.79501605033875,9592,14.0,5.0,5.0
40024,77.7989227771759,9592,18.96,5.0,5.0
40030,77.8138427734375,9592,7.766016000000002,5.0,5.0
40040,77.83037567138672,9592,5.0,5.0,5.0
40050,77.85546779632568,9592,5.0,5.0,5.0
40052,77.85836696624756,9592,14.0,5.0,5.0
40060,77.87638092041016,9592,7.168000000000001,5.0,5.0
40065,77.88574433326721,9592,14.587520000000001,5.0,5.0
40070,77.89237380027771,9592,7.4688102400000025,5.0,5.0
40073,77.89864301681519,9592,15.975048192000003,5.0,5.0
40080,77.92103004455566,9592,10.224030842880003,5.0,5.0
40090,77.93640089035034,9592,5.234703791554562,5.0,5.0
40099,77.95195651054382,9592,14.0,5.0,5.0
40100,77.95268416404724,9592,14.0,5.0,5.0
40110,77.97812962532043,9592,8.96,5.0,5.0
40120,77.99364590644836,9592,5.0,5.0,5.0
40130,78.01414585113525,9592,5.0,5.0,5.0
40140,78.03497076034546,9592,5.0,5.0,5.0
40143,78.03916263580322,9592,14.0,5.0,5.0
40150,78.05104684829712,9592,14.587520000000001,5.0,5.0
40160,78.06613278388977,9592,5.0,5.0,5.0
40170,78.08583498001099,9592,5.0,5.0,5.0
40180,78.1049587726593,9592,5.0,5.0,5.0
40190,78.12694549560547,9592,5.0,5.0,5.0
40196,78.13699293136597,9592,14.0,5.0,5.0
40200,78.14374804496765,9592,8.96,5.0,5.0
40210,78.17150354385376,9592,5.734400000000001,5.0,5.0
40214,78.17942380905151,9592,14.0,5.0,5.0
40215,78.18093395233154,9592,21.200000000000003,5.0,5.0
40218,78.18502950668335,9592,20.854400000000005,5.0,5.0
40220,78.18770575523376,9592,13.346816000000004,5.0,5.0
40223,78.19178605079651,9592,18.541962240000004,5.0,5.0
40230,78.20289754867554,9592,7.5947877335040035,5.0,5.0
40240,78.22420978546143,9592,5.0,5.0,5.0
40248,78.23516654968262,9592,14.0,5.0,5.0
40250,78.24023985862732,9592,11.200000000000001,5.0,5.0
40259,78.25677275657654,9592,14.0,5.0,5.0
40260,78.25809240341187,9592,11.200000000000001,5.0,5.0
40270,78.27946782112122,9592,5.0,5.0,5.0
40280,78.30383205413818,9592,5.0,5.0,5.0
40290,78.33171582221985,9592,5.0,5.0,5.0
40300,78.35118436813354,9592,5.0,5.0,5.0
40310,78.37770652770996,9592,5.0,5.0,5.0
40314,78.38292288780212,9592,14.0,5.0,5.0
40320,78.39277815818787,9592,7.168000000000001,5.0,5.0
40326,78.40556335449219,9592,14.587520000000001,5.0,5.0
40327,78.40704083442688,9592,21.670016000000004,5.0,5.0
40330,78.41539263725281,9592,17.336012800000002,5.0,5.0
40331,78.41694188117981,9592,23.868810240000002,5.0,5.0
40334,78.42111730575562,9592,25.276038553600003,5.0,5.0
40340,78.42890882492065,9592,12.941331739443203,5.0,5.0
40343,78.43423748016357,9592,16.62596185059492,5.0,5.0
40346,78.44167137145996,9592,20.640615584380747,5.0,5.0
40350,78.46410202980042,9592,13.209993974003678,5.0,5.0
40354,78.47653818130493,9592,16.763516914689884,5.0,5.0
40356,78.48073077201843,9592,20.728650825401527,5.0,5.0
40358,78.48804450035095,9592,26.58292066032122,5.0,5.0
40360,78.49086880683899,9592,27.013069222605584,5.0,5.0
40363,78.49658179283142,9592,23.83069144197406,5.0,5.0
40364,78.49835014343262,9592,29.06455315357925,5.0,5.0
40366,78.50133848190308,9592,28.601314018290722,5.0,5.0
40370,78.50678396224976,9592,14.643872777364852,5.0,5.0
40380,78.52974009513855,9592,5.998130289608644,5.0,5.0
40381,78.53140759468079,9592,14.798504231686916,5.0,5.0
40383,78.53693842887878,9592,21.838803385349536,5.0,5.0
40387,78.54243493080139,9592,18.945173866639173,5.0,5.0
40390,78.5488121509552,9592,15.156139093311339,5.0,5.0
40400,78.56897783279419,9592,5.0,5.0,5.0
40406,78.57918548583984,9592,14.0,5.0,5.0
40407,78.58060479164124,9592,21.200000000000003,5.0,5.0
40410,78.5864794254303,9592,16.960000000000004,5.0,5.0
40417,78.60032606124878,9592,16.946816000000005,5.0,5.0
40420,78.61855101585388,9592,10.845962240000006,5.0,5.0
40430,78.64680361747742,9592,5.553132666880003,5.0,5.0
40440,78.67240023612976,9592,5.0,5.0,5.0
40446,78.6847186088562,9592,14.0,5.0,5.0
40450,78.69361758232117,9592,8.96,5.0,5.0
40452,78.69703722000122,9592,15.7344,5.0,5.0
40454,78.70562696456909,9592,22.58752,5.0,5.0
40460,78.7145254611969,9592,11.564810240000003,5.0,5.0
40469,78.72781109809875,9592,14.736946274304003,5.0,5.0
40470,78.72913527488708,9592,11.789557019443203,5.0,5.0
40477,78.745689868927,9592,16.03625319395492,5.0,5.0
40480,78.7518413066864,9592,10.26320204413115,5.0,5.0
40490,78.7704725265503,9592,5.0,5.0,5.0
40500,78.79141044616699,9592,5.0,5.0,5.0
40510,78.81740260124207,9592,5.0,5.0,5.0
40511,78.8189926147461,9592,14.0,5.0,5.0
40513,78.821702003479,9592,21.200000000000003,5.0,5.0
40520,78.83332180976868,9592,6.9468160000000045,5.0,5.0
40527,78.84915113449097,9592,14.0,5.0,5.0
40528,78.8506383895874,9592,21.200000000000003,5.0,5.0
40530,78.85325717926025,9592,13.568000000000005,5.0,5.0
40539,78.87244200706482,9592,15.557452800000004,5.0,5.0
40540,78.87329053878784,9592,12.445962240000004,5.0,5.0
40544,78.87816643714905,9592,17.9654158336,5.0,5.0
40546,78.88098216056824,9592,21.497866133504004,5.0,5.0
40548,78.88372349739075,9592,23.758634325442564,5.0,5.0
40550,78.88641095161438,9592,15.205525968283244,5.0,5.0
40560,78.91295576095581,9592,5.0,5.0,5.0
40564,78.918776512146,9592,14.0,5.0,5.0
40570,78.92856550216675,9592,7.168000000000001,5.0,5.0
40573,78.93507027626038,9592,15.7344,5.0,5.0
40574,78.93661689758301,9592,22.58752,5.0,5.0
40577,78.94066858291626,9592,24.456012800000003,5.0,5.0
40580,78.94713950157166,9592,25.651848192000003,5.0,5.0
40585,78.9568772315979,9592,20.506997019443205,5.0,5.0
40590,78.97066259384155,9592,16.405597615554566,5.0,5.0
40600,78.99341630935669,9592,6.719732783331152,5.0,5.0
40610,79.02015995979309,9592,5.375786226664922,5.0,5.0
40616,79.03826546669006,9592,14.0,5.0,5.0
40618,79.04119348526001,9592,18.96,5.0,5.0
40620,79.04375457763672,9592,12.134400000000001,5.0,5.0
40630,79.06377077102661,9592,5.0,5.0,5.0
40632,79.06662845611572,9592,14.0,5.0,5.0
40633,79.0681848526001,9592,21.200000000000003,5.0,5.0
40634,79.06970071792603,9592,26.960000000000004,5.0,5.0
40640,79.07983160018921,9592,13.803520000000004,5.0,5.0
40647,79.09450840950012,9592,17.067402240000003,5.0,5.0
40650,79.09850835800171,9592,10.923137433600004,5.0,5.0
40652,79.10145473480225,9592,16.990807957504003,5.0,5.0
40654,79.1043701171875,9592,23.5926463660032,5.0,5.0
40655,79.10592579841614,9592,28.87411709280256,5.0,5.0
40656,79.10738754272461,9592,33.09929367424205,5.0,5.0
40660,79.11268091201782,9592,13.557470688969545,5.0,5.0
40666,79.12629461288452,9592,16.94142499275241,5.0,5.0
40667,79.12777400016785,9592,23.553139994201928,5.0,5.0
40670,79.13204431533813,9592,22.059207677031388,5.0,5.0
40680,79.15232467651367,9592,5.782688937287717,5.0,5.0
40690,79.16769528388977,9592,5.0,5.0,5.0
40700,79.19198966026306,9592,5.0,5.0,5.0
40710,79.20729064941406,9592,5.0,5.0,5.0
40716,79.21542525291443,9592,14.0,5.0,5.0
40719,79.21939730644226,9592,18.96,5.0,5.0
40720,79.22072339057922,9592,15.168000000000001,5.0,5.0
40723,79.22934651374817,9592,22.1344,5.0,5.0
40724,79.23090982437134,9592,27.70752,5.0,5.0
40730,79.23843026161194,9592,9.079200153600002,5.0,5.0
40740,79.26049566268921,9592,5.0,5.0,5.0
40750,79.28988409042358,9592,5.0,5.0,5.0
40751,79.2914981842041,9592,14.0,5.0,5.0
40752,79.2929756641388,9592,21.200000000000003,5.0,5.0
40758,79.30603003501892,9592,18.683520000000005,5.0,5.0
40760,79.30842518806458,9592,18.683520000000005,5.0,5.0
40766,79.3167839050293,9592,17.652769792000004,5.0,5.0
40770,79.32228684425354,9592,7.230574506803203,5.0,5.0
40780,79.34622621536255,9592,5.0,5.0,5.0
40790,79.36443853378296,9592,5.0,5.0,5.0
40800,79.38450980186462,9592,5.0,5.0,5.0
40810,79.40223526954651,9592,5.0,5.0,5.0
40814,79.4077250957489,9592,14.0,5.0,5.0
40820,79.41999769210815,9592,18.96,5.0,5.0
40830,79.439861536026,9592,9.707520000000002,5.0,5.0
40835,79.45126342773438,9592,14.0,5.0,5.0
40837,79.45417976379395,9592,18.96,5.0,5.0
40838,79.45569777488708,9592,25.168,5.0,5.0
40840,79.45781874656677,9592,16.10752,5.0,5.0
40846,79.46783208847046,9592,16.597640192,5.0,5.0
40847,79.46930527687073,9592,23.2781121536,5.0,5.0
40849,79.47226762771606,9592,24.897991778304004,5.0,5.0
40850,79.47655582427979,9592,24.897991778304004,5.0,5.0
40860,79.49916243553162,9592,8.15857394591466,5.0,5.0
40864,79.50730061531067,9592,15.221487325385382,5.0,5.0
40870,79.52250051498413,9592,9.741751888246647,5.0,5.0
40880,79.55411434173584,9592,5.0,5.0,5.0
40890,79.57629609107971,9592,5.0,5.0,5.0
40900,79.59445071220398,9592,5.0,5.0,5.0
40910,79.61807298660278,9592,5.0,5.0,5.0
40920,79.63234877586365,9592,5.0,5.0,5.0
40923,79.63632225990295,9592,14.0,5.0,5.0
40928,79.64303874969482,9592,15.7344,5.0,5.0
40930,79.64526391029358,9592,10.070016000000003,5.0,5.0
40940,79.66603326797485,9592,5.0,5.0,5.0
40947,79.67869067192078,9592,14.0,5.0,5.0
40950,79.6827003955841,9592,7.168000000000001,5.0,5.0
40960,79.71234273910522,9592,5.0,5.0,5.0
40969,79.72759199142456,9592,14.0,5.0,5.0
40970,79.72884321212769,9592,11.200000000000001,5.0,5.0
40980,79.74564409255981,9592,5.0,5.0,5.0
40988,79.76453113555908,9592,14.0,5.0,5.0
40990,79.76707196235657,9592,11.200000000000001,5.0,5.0
40996,79.77933406829834,9592,15.7344,5.0,5.0
41000,79.78454804420471,9592,8.056012800000003,5.0,5.0
41002,79.78758001327515,9592,15.155848192000002,5.0,5.0
41010,79.80188059806824,9592,6.207835419443203,5.0,5.0
41018,79.82357430458069,9592,14.0,5.0,5.0
41020,79.82629132270813,9592,8.96,5.0,5.0
41030,79.84872794151306,9592,5.0,5.0,5.0
41040,79.87673830986023,9592,5.0,5.0,5.0
41043,79.8805525302887,9592,14.0,5.0,5.0
41050,79.89851808547974,9592,8.96,5.0,5.0
41060,79.91816282272339,9592,5.734400000000001,5.0,5.0
41066,79.92583632469177,9592,14.0,5.0,5.0
41070,79.93104243278503,9592,17.168,5.0,5.0
41075,79.93906950950623,9592,23.7344,5.0,5.0
41080,79.94724798202515,9592,15.190016,5.0,5.0
41086,79.95750594139099,9592,17.777288192,5.0,5.0
41090,79.96275115013123,9592,9.101971554304,5.0,5.0
41094,79.97023963928223,9592,15.82526179475456,5.0,5.0
41100,79.98012948036194,9592,6.48202723113147,5.0,5.0
41102,79.98510980606079,9592,15.185621784905177,5.0,5.0
41106,79.9948410987854,9592,22.14849742792414,5.0,5.0
41110,80.0000991821289,9592,9.07202454647773,5.0,5.0
41120,80.0154640674591,9592,5.0,5.0,5.0
41130,80.03278493881226,9592,5.0,5.0,5.0
41140,80.05234456062317,9592,5.0,5.0,5.0
41150,80.0757405757904,9592,5.0,5.0,5.0
41151,80.0773708820343,9592,14.0,5.0,5.0
41160,80.0909731388092,9592,5.0,5.0,5.0
41164,80.1005687713623,9592,14.0,5.0,5.0
41170,80.11274313926697,9592,8.96,5.0,5.0
41177,80.13234829902649,9592,15.7344,5.0,5.0
41180,80.13621854782104,9592,8.056012800000003,5.0,5.0
41190,80.15281629562378,9592,14.0,5.0,5.0
41198,80.1631817817688,9592,14.587520000000001,5.0,5.0
41200,80.16586565971375,9592,9.336012800000002,5.0,5.0
41202,80.16857838630676,9592,17.468810240000003,5.0,5.0
41203,80.16998338699341,9592,23.975048192000003,5.0,5.0
41205,80.17288136482239,9592,25.344030842880002,5.0,5.0
41210,80.17911744117737,9592,10.380915033243651,5.0,5.0
41217,80.19398546218872,9592,18.30473202659492,5.0,5.0
41220,80.19780230522156,9592,9.3720227976166,5.0,5.0
41230,80.22429299354553,9592,7.49761823809328,5.0,5.0
41239,80.24151635169983,9592,15.998094590474626,5.0,5.0
41240,80.24494338035583,9592,15.998094590474626,5.0,5.0
41250,80.26501250267029,9592,16.55281954425841,5.0,5.0
41260,80.27765941619873,9592,5.0,5.0,5.0
41262,80.28039360046387,9592,14.0,5.0,5.0
41270,80.29547238349915,9592,5.734400000000001,5.0,5.0
41280,80.31496214866638,9592,5.0,5.0,5.0
41290,80.33629655838013,9592,5.0,5.0,5.0
41291,80.33787035942078,9592,14.0,5.0,5.0
41300,80.35528016090393,9592,8.96,5.0,5.0
41310,80.38194370269775,9592,5.734400000000001,5.0,5.0
41320,80.40240955352783,9592,5.0,5.0,5.0
41330,80.41819477081299,9592,5.0,5.0,5.0
41340,80.43896579742432,9592,5.0,5.0,5.0
41350,80.45675420761108,9592,5.0,5.0,5.0
41354,80.4673855304718,9592,14.0,5.0,5.0
41355,80.46890163421631,9592,21.200000000000003,5.0,5.0
41360,80.47564935684204,9592,6.9468160000000045,5.0,5.0
41363,80.48198938369751,9592,14.445962240000004,5.0,5.0
41366,80.48874807357788,9592,19.245415833600006,5.0,5.0
41370,80.4965295791626,9592,12.317066133504007,5.0,5.0
41380,80.5157299041748,9592,5.045070288283242,5.0,5.0
41382,80.51818537712097,9592,14.036056230626594,5.0,5.0
41390,80.5359423160553,9592,7.186460790080817,5.0,5.0
41399,80.55512571334839,9592,14.0,5.0,5.0
41400,80.55647921562195,9592,11.200000000000001,5.0,5.0
41408,80.57225775718689,9592,14.0,5.0,5.0
41410,80.57710194587708,9592,11.200000000000001,5.0,5.0
41420,80.59248447418213,9592,5.0,5.0,5.0
41430,80.61875748634338,9592,5.0,5.0,5.0
41436,80.63136434555054,9592,14.0,5.0,5.0
41440,80.64125370979309,9592,11.200000000000001,5.0,5.0
41445,80.64863204956055,9592,14.587520000000001,5.0,5.0
41449,80.65700268745422,9592,17.468810240000003,5.0,5.0
41450,80.66079616546631,9592,17.468810240000003,5.0,5.0
41460,80.68032670021057,9592,7.1552246743040016,5.0,5.0
41470,80.70118808746338,9592,5.0,5.0,5.0
41480,80.72045969963074,9592,5.0,5.0,5.0
41489,80.73741006851196,9592,14.0,5.0,5.0
41490,80.73889660835266,9592,21.200000000000003,5.0,5.0
41500,80.75478744506836,9592,6.9468160000000045,5.0,5.0
41506,80.766934633255,9592,14.445962240000004,5.0,5.0
41507,80.7684178352356,9592,21.556769792000004,5.0,5.0
41510,80.77214884757996,9592,21.037066133504005,5.0,5.0
41520,80.7874538898468,9592,5.514740664501275,5.0,5.0
41530,80.80989599227905,9592,5.0,5.0,5.0
41540,80.83849501609802,9592,5.0,5.0,5.0
41543,80.84498596191406,9592,14.0,5.0,5.0
41550,80.86314558982849,9592,8.96,5.0,5.0
41554,80.87327575683594,9592,15.7344,5.0,5.0
41558,80.8807921409607,9592,18.056012800000005,5.0,5.0
41559,80.88227009773254,9592,24.444810240000002,5.0,5.0
41560,80.88354849815369,9592,19.555848192000003,5.0,5.0
41564,80.88878846168518,9592,18.010075419443204,5.0,5.0
41567,80.8928804397583,9592,19.22115861475492,5.0,5.0
41570,80.89840626716614,9592,15.376926891803937,5.0,5.0
41571,80.89999413490295,9592,22.301541513443148,5.0,5.0
41572,80.90144181251526,9592,27.84123321075452,5.0,5.0
41580,80.91900610923767,9592,9.123015298500043,5.0,5.0
41590,80.94518733024597,9592,14.670983832832022,5.0,5.0
41600,80.96578001976013,9592,14.807387982342398,5.0,5.0
41610,80.98530530929565,9592,6.065106117567447,5.0,5.0
41620,81.00501227378845,9592,5.0,5.0,5.0
41624,81.0128698348999,9592,14.0,5.0,5.0
41630,81.02290296554565,9592,5.0,5.0,5.0
41640,81.04482936859131,9592,5.0,5.0,5.0
41644,81.05244588851929,9592,14.0,5.0,5.0
41645,81.05389904975891,9592,21.200000000000003,5.0,5.0
41648,81.05802845954895,9592,20.854400000000005,5.0,5.0
41650,81.06073927879333,9592,23.346816000000004,5.0,5.0
41653,81.06480884552002,9592,21.953569792000003,5.0,5.0
41654,81.06625390052795,9592,27.562855833600004,5.0,5.0
41660,81.0760498046875,9592,11.289745749442563,5.0,5.0
41663,81.08021235466003,9592,15.780349823714594,5.0,5.0
41670,81.0934510231018,9592,8.079539109741873,5.0,5.0
41680,81.11213827133179,9592,5.0,5.0,5.0
41685,81.11899948120117,9592,14.0,5.0,5.0
41690,81.12558364868164,9592,7.168000000000001,5.0,5.0
41691,81.12704372406006,9592,15.7344,5.0,5.0
41700,81.14932179450989,9592,6.4448102400000025,5.0,5.0
41710,81.16810369491577,9592,5.0,5.0,5.0
41718,81.1877133846283,9592,14.0,5.0,5.0
41720,81.19256711006165,9592,14.0,5.0,5.0
41722,81.19542026519775,9592,21.200000000000003,5.0,5.0
41730,81.20732831954956,9592,8.683520000000005,5.0,5.0
41740,81.22692823410034,9592,5.0,5.0,5.0
41742,81.23206424713135,9592,14.0,5.0,5.0
41750,81.24646019935608,9592,7.168000000000001,5.0,5.0
41751,81.2479395866394,9592,15.7344,5.0,5.0
41760,81.26372241973877,9592,6.4448102400000025,5.0,5.0
41770,81.29320812225342,9592,5.0,5.0,5.0
41780,81.31295442581177,9592,5.0,5.0,5.0
41790,81.33743524551392,9592,5.0,5.0,5.0
41800,81.35856246948242,9592,5.0,5.0,5.0
41803,81.36812019348145,9592,14.0,5.0,5.0
41810,81.38194823265076,9592,5.734400000000001,5.0,5.0
41820,81.40904998779297,9592,5.0,5.0,5.0
41830,81.42468237876892,9592,5.0,5.0,5.0
41832,81.42997455596924,9592,14.0,5.0,5.0
41834,81.432861328125,9592,18.96,5.0,5.0
41840,81.4451150894165,9592,9.707520000000002,5.0,5.0
41850,81.46492433547974,9592,5.0,5.0,5.0
41857,81.48177862167358,9592,14.0,5.0,5.0
41860,81.4860451221466,9592,17.168,5.0,5.0
41870,81.50148344039917,9592,5.625610240000001,5.0,5.0
41877,81.51545667648315,9592,14.0,5.0,5.0
41880,81.5187783241272,9592,11.200000000000001,5.0,5.0
41883,81.52525210380554,9592,17.168,5.0,5.0
41888,81.5371310710907,9592,18.790016,5.0,5.0
41890,81.54210066795349,9592,15.032012800000002,5.0,5.0
41900,81.56220030784607,9592,5.0,5.0,5.0
41906,81.57448506355286,9592,14.0,5.0,5.0
41910,81.58277106285095,9592,7.168000000000001,5.0,5.0
41917,81.59209084510803,9592,14.0,5.0,5.0
41920,81.6001226902008,9592,11.200000000000001,5.0,5.0
41926,81.6105170249939,9592,14.587520000000001,5.0,5.0
41930,81.61806011199951,9592,9.336012800000002,5.0,5.0
41940,81.64013028144836,9592,5.975048192000003,5.0,5.0
41945,81.65198802947998,9592,14.780038553600003,5.0,5.0
41950,81.65878510475159,9592,7.567379739443202,5.0,5.0
41960,81.681476354599,9592,6.0539037915545615,5.0,5.0
41966,81.68908095359802,9592,14.0,5.0,5.0
41970,81.69908118247986,9592,11.200000000000001,5.0,5.0
41980,81.7226128578186,9592,5.0,5.0,5.0
41990,81.74462246894836,9592,5.0,5.0,5.0
41992,81.74976563453674,9592,14.0,5.0,5.0
42000,81.77421069145203,9592,14.0,5.0,5.0
42001,81.77585363388062,9592,21.200000000000003,5.0,5.0
42008,81.7848596572876,9592,18.683520000000005,5.0,5.0
42009,81.78651118278503,9592,24.946816000000005,5.0,5.0
42010,81.78771829605103,9592,24.946816000000005,5.0,5.0
42020,81.80006384849548,9592,10.218215833600006,5.0,5.0
42030,81.8252067565918,9592,5.231726506803204,5.0,5.0
42031,81.82684206962585,9592,14.185381205442564,5.0,5.0
42036,81.83645105361938,9592,15.810332141749274,5.0,5.0
42037,81.83798241615295,9592,22.648265713399418,5.0,5.0
42040,81.84198355674744,9592,14.494890056575628,5.0,5.0
42050,81.86772966384888,9592,5.937106967173378,5.0,5.0
42058,81.89139795303345,9592,14.0,5.0,5.0
42060,81.89691090583801,9592,14.0,5.0,5.0
42062,81.90372610092163,9592,18.96,5.0,5.0
42070,81.91683959960938,9592,9.707520000000002,5.0,5.0
42080,81.93643403053284,9592,5.0,5.0,5.0
42090,81.96072149276733,9592,14.0,5.0,5.0
42100,81.97806072235107,9592,5.0,5.0,5.0
42110,81.9995448589325,9592,5.0,5.0,5.0
42111,82.00109052658081,9592,14.0,5.0,5.0
42120,82.01729655265808,9592,14.587520000000001,5.0,5.0
42130,82.03939700126648,9592,5.975048192000003,5.0,5.0
42139,82.05935287475586,9592,14.0,5.0,5.0
42140,82.06291794776917,9592,14.0,5.0,5.0
42142,82.0658347606659,9592,18.96,5.0,5.0
42150,82.08423972129822,9592,14.0,5.0,5.0
42160,82.10208749771118,9592,7.168000000000001,5.0,5.0
42170,82.12668561935425,9592,5.0,5.0,5.0
42175,82.13583278656006,9592,14.0,5.0,5.0
42180,82.1471049785614,9592,11.200000000000001,5.0,5.0
42190,82.16909503936768,9592,5.0,5.0,5.0
42200,82.1935453414917,9592,5.0,5.0,5.0
42203,82.19737768173218,9592,14.0,5.0,5.0
42210,82.20838022232056,9592,8.96,5.0,5.0
42220,82.22596645355225,9592,5.0,5.0,5.0
42230,82.2462956905365,9592,5.0,5.0,5.0
42240,82.26559376716614,9592,5.0,5.0,5.0
42250,82.28779149055481,9592,5.0,5.0,5.0
42260,82.31090521812439,9592,5.0,5.0,5.0
42261,82.31264925003052,9592,14.0,5.0,5.0
42270,82.33384609222412,9592,5.734400000000001,5.0,5.0
42280,82.3487377166748,9592,5.0,5.0,5.0
42290,82.3768322467804,9592,5.0,5.0,5.0
42300,82.3919825553894,9592,5.0,5.0,5.0
42310,82.41503691673279,9592,5.0,5.0,5.0
42320,82.43748211860657,9592,5.0,5.0,5.0
42329,82.45309901237488,9592,14.0,5.0,5.0
42330,82.45433688163757,9592,14.0,5.0,5.0
42340,82.48365211486816,9592,15.7344,5.0,5.0
42350,82.50239682197571,9592,5.0,5.0,5.0
42360,82.51899218559265,9592,5.0,5.0,5.0
42363,82.5232470035553,9592,14.0,5.0,5.0
42364,82.52477312088013,9592,21.200000000000003,5.0,5.0
42370,82.5393693447113,9592,10.854400000000005,5.0,5.0
42374,82.544353723526,9592,15.557452800000004,5.0,5.0
42380,82.55417728424072,9592,6.372332666880002,5.0,5.0
42390,82.5811414718628,9592,5.097866133504002,5.0,5.0
42400,82.60096406936646,9592,5.0,5.0,5.0
42410,82.62779307365417,9592,5.0,5.0,5.0
42420,82.65108323097229,9592,5.0,5.0,5.0
42430,82.6807017326355,9592,5.0,5.0,5.0
42440,82.70189905166626,9592,5.0,5.0,5.0
42450,82.72657823562622,9592,5.0,5.0,5.0
42460,82.74651527404785,9592,5.0,5.0,5.0
42466,82.75899052619934,9592,14.0,5.0,5.0
42470,82.7688901424408,9592,11.200000000000001,5.0,5.0
42471,82.77046990394592,9592,18.96,5.0,5.0
42480,82.78932189941406,9592,9.707520000000002,5.0,5.0
42481,82.7908763885498,9592,17.766016,5.0,5.0
42488,82.80750131607056,9592,19.096200192000005,5.0,5.0
42490,82.81031823158264,9592,12.221568122880004,5.0,5.0
42496,82.82292056083679,9592,17.821803598643204,5.0,5.0
42500,82.83083415031433,9592,11.40595430313165,5.0,5.0
42506,82.84132623672485,9592,17.299810754004255,5.0,5.0
42510,82.84877634048462,9592,8.85750310605018,5.0,5.0
42512,82.85154342651367,9592,17.086002484840144,5.0,5.0
42519,82.86343169212341,9592,14.478993035385937,5.0,5.0
42520,82.86470007896423,9592,14.478993035385937,5.0,5.0
42530,82.88464736938477,9592,17.4132444341176,5.0,5.0
42540,82.9049391746521,9592,8.915581150268213,5.0,5.0
42550,82.92491006851196,9592,5.0,5.0,5.0
42560,82.94276523590088,9592,14.0,5.0,5.0
42562,82.94565415382385,9592,18.96,5.0,5.0
42564,82.9484932422638,9592,22.1344,5.0,5.0
42567,82.95267462730408,9592,24.166016,5.0,5.0
42570,82.95689129829407,9592,12.373000192000001,5.0,5.0
42580,82.97645211219788,9592,7.918720122880001,5.0,5.0
42590,82.99215745925903,9592,5.0,5.0,5.0
42600,83.01554703712463,9592,5.0,5.0,5.0
42610,83.04025459289551,9592,5.0,5.0,5.0
42612,83.04539680480957,9592,14.0,5.0,5.0
42615,83.0496871471405,9592,18.96,5.0,5.0
42618,83.05379748344421,9592,22.1344,5.0,5.0
42619,83.05526494979858,9592,27.70752,5.0,5.0
42620,83.05890703201294,9592,27.70752,5.0,5.0
42628,83.07087230682373,9592,19.079200153600002,5.0,5.0
42630,83.07562303543091,9592,19.079200153600002,5.0,5.0
42639,83.08969688415527,9592,16.25187230633165,5.0,5.0
42640,83.09327125549316,9592,16.25187230633165,5.0,5.0
42647,83.1025083065033,9592,14.260330813871004,5.0,5.0
42650,83.10898089408875,9592,9.126611720877444,5.0,5.0
42658,83.1257574558258,9592,14.672825201089253,5.0,5.0
42660,83.12792778015137,9592,11.738260160871404,5.0,5.0
42670,83.14577436447144,9592,5.0,5.0,5.0
42680,83.16289949417114,9592,5.0,5.0,5.0
42690,83.17758321762085,9592,5.0,5.0,5.0
42697,83.1889431476593,9592,14.0,5.0,5.0
42700,83.1924204826355,9592,8.96,5.0,5.0
42710,83.20730519294739,9592,5.0,5.0,5.0
42720,83.22918939590454,9592,5.0,5.0,5.0
42727,83.2386953830719,9592,14.0,5.0,5.0
42730,83.24180340766907,9592,8.96,5.0,5.0
42732,83.24468779563904,9592,15.7344,5.0,5.0
42740,83.25491380691528,9592,5.0,5.0,5.0
42750,83.27636551856995,9592,5.0,5.0,5.0
42760,83.29379630088806,9592,5.0,5.0,5.0
42770,83.3240954875946,9592,5.0,5.0,5.0
42779,83.34340453147888,9592,14.0,5.0,5.0
42780,83.34463214874268,9592,14.0,5.0,5.0
42790,83.36191391944885,9592,5.0,5.0,5.0
42793,83.36879825592041,9592,14.0,5.0,5.0
42800,83.38477849960327,9592,8.96,5.0,5.0
42810,83.40281820297241,9592,5.0,5.0,5.0
42820,83.4251799583435,9592,5.0,5.0,5.0
42830,83.44560861587524,9592,5.0,5.0,5.0
42837,83.45765805244446,9592,14.0,5.0,5.0
42840,83.46395134925842,9592,11.200000000000001,5.0,5.0
42850,83.48188948631287,9592,5.0,5.0,5.0
42860,83.50659584999084,9592,5.0,5.0,5.0
42864,83.5144407749176,9592,14.0,5.0,5.0
42865,83.51599383354187,9592,21.200000000000003,5.0,5.0
42870,83.52748894691467,9592,10.854400000000005,5.0,5.0
42880,83.54839515686035,9592,14.445962240000004,5.0,5.0
42890,83.56827807426453,9592,7.396332666880004,5.0,5.0
42900,83.5854070186615,9592,5.0,5.0,5.0
42903,83.58909869194031,9592,14.0,5.0,5.0
42910,83.6036684513092,9592,17.168,5.0,5.0
42912,83.60893130302429,9592,23.7344,5.0,5.0
42918,83.61942100524902,9592,17.777288192,5.0,5.0
42920,83.62235188484192,9592,21.37746444288,5.0,5.0
42923,83.62655067443848,9592,23.6815772434432,5.0,5.0
42930,83.6410071849823,9592,9.699974038914338,5.0,5.0
42940,83.66311597824097,9592,6.207983384905177,5.0,5.0
42941,83.66470551490784,9592,14.96638670792414,5.0,5.0
42950,83.68332958221436,9592,7.662789994457161,5.0,5.0
42958,83.69654202461243,9592,14.0,5.0,5.0
42960,83.70143222808838,9592,11.200000000000001,5.0,5.0
42970,83.7212164402008,9592,5.734400000000001,5.0,5.0
42971,83.72278809547424,9592,14.587520000000001,5.0,5.0
42976,83.72967457771301,9592,14.780038553600003,5.0,5.0
42980,83.73965334892273,9592,11.824030842880003,5.0,5.0
42990,83.75805377960205,9592,6.0539037915545615,5.0,5.0
43000,83.78050422668457,9592,5.0,5.0,5.0
43010,83.79559135437012,9592,5.0,5.0,5.0
43020,83.81949424743652,9592,5.0,5.0,5.0
43030,83.8390040397644,9592,5.0,5.0,5.0
43037,83.85224223136902,9592,14.0,5.0,5.0
43040,83.85827207565308,9592,11.200000000000001,5.0,5.0
43043,83.86471486091614,9592,17.168,5.0,5.0
43048,83.87356662750244,9592,20.987520000000004,5.0,5.0
43049,83.87503123283386,9592,26.790016000000005,5.0,5.0
43050,83.87655019760132,9592,31.432012800000006,5.0,5.0
43060,83.89581203460693,9592,8.239713563443205,5.0,5.0
43070,83.9111008644104,9592,5.0,5.0,5.0
43073,83.91572332382202,9592,14.0,5.0,5.0
43080,83.93148136138916,9592,11.200000000000001,5.0,5.0
43090,83.94398355484009,9592,5.0,5.0,5.0
43100,83.9615535736084,9592,5.0,5.0,5.0
43110,83.97472858428955,9592,5.0,5.0,5.0
43114,83.9823625087738,9592,14.0,5.0,5.0
43120,83.98998761177063,9592,7.168000000000001,5.0,5.0
43130,84.01215195655823,9592,5.0,5.0,5.0
43140,84.02922797203064,9592,5.0,5.0,5.0
43149,84.04561257362366,9592,14.0,5.0,5.0
43150,84.04691743850708,9592,11.200000000000001,5.0,5.0
43160,84.06395244598389,9592,5.0,5.0,5.0
43168,84.0813889503479,9592,14.0,5.0,5.0
43170,84.08403325080872,9592,11.200000000000001,5.0,5.0
43180,84.10550618171692,9592,5.0,5.0,5.0
43190,84.12523531913757,9592,5.0,5.0,5.0
43197,84.14333319664001,9592,14.0,5.0,5.0
43200,84.14691519737244,9592,8.96,5.0,5.0
43210,84.16159081459045,9592,5.0,5.0,5.0
43220,84.1825942993164,9592,5.0,5.0,5.0
43230,84.20560383796692,9592,5.0,5.0,5.0
43240,84.22654557228088,9592,5.0,5.0,5.0
43249,84.2496886253357,9592,14.0,5.0,5.0
43250,84.25122904777527,9592,21.200000000000003,5.0,5.0
43257,84.26699995994568,9592,20.854400000000005,5.0,5.0
43260,84.27109384536743,9592,10.677452800000005,5.0,5.0
43270,84.28828120231628,9592,5.0,5.0,5.0
43274,84.29585075378418,9592,14.0,5.0,5.0
43280,84.30624604225159,9592,8.96,5.0,5.0
43284,84.31186318397522,9592,14.587520000000001,5.0,5.0
43290,84.31963467597961,9592,7.4688102400000025,5.0,5.0
43300,84.33725953102112,9592,5.0,5.0,5.0
43310,84.36224174499512,9592,5.0,5.0,5.0
43320,84.38911056518555,9592,5.0,5.0,5.0
43322,84.39410448074341,9592,14.0,5.0,5.0
43328,84.4021577835083,9592,15.7344,5.0,5.0
43330,84.40485668182373,9592,10.070016000000003,5.0,5.0
43333,84.40906596183777,9592,16.444810240000002,5.0,5.0
43340,84.42774629592896,9592,8.419742842880003,5.0,5.0
43350,84.45030117034912,9592,5.0,5.0,5.0
43360,84.46968817710876,9592,5.0,5.0,5.0
43370,84.49208402633667,9592,5.0,5.0,5.0
43380,84.51176476478577,9592,5.0,5.0,5.0
43385,84.52327156066895,9592,14.0,5.0,5.0
43390,84.53205060958862,9592,7.168000000000001,5.0,5.0
43400,84.54613637924194,9592,5.0,5.0,5.0
43402,84.54910731315613,9592,14.0,5.0,5.0
43410,84.56419134140015,9592,7.168000000000001,5.0,5.0
43420,84.58502888679504,9592,5.0,5.0,5.0
43430,84.60378456115723,9592,5.0,5.0,5.0
43440,84.62619948387146,9592,5.0,5.0,5.0
43450,84.64356780052185,9592,5.0,5.0,5.0
43460,84.66899704933167,9592,5.0,5.0,5.0
43462,84.6741714477539,9592,14.0,5.0,5.0
43465,84.6807656288147,9592,21.200000000000003,5.0,5.0
43470,84.68772912025452,9592,6.9468160000000045,5.0,5.0
43480,84.70885515213013,9592,5.0,5.0,5.0
43490,84.73267817497253,9592,14.0,5.0,5.0
43493,84.7390775680542,9592,18.96,5.0,5.0
43500,84.755606174469,9592,7.766016000000002,5.0,5.0
43501,84.75721955299377,9592,16.212812800000002,5.0,5.0
43510,84.77316808700562,9592,6.640768122880002,5.0,5.0
43520,84.80235767364502,9592,14.0,5.0,5.0
43530,84.81908059120178,9592,5.734400000000001,5.0,5.0
43533,84.82347869873047,9592,14.0,5.0,5.0
43536,84.83297324180603,9592,18.96,5.0,5.0
43540,84.83827805519104,9592,12.134400000000001,5.0,5.0
43550,84.86617374420166,9592,5.0,5.0,5.0
43560,84.88665747642517,9592,5.0,5.0,5.0
43563,84.89535236358643,9592,14.0,5.0,5.0
43570,84.90923500061035,9592,7.168000000000001,5.0,5.0
43580,84.9344220161438,9592,5.0,5.0,5.0
43590,84.95160007476807,9592,5.0,5.0,5.0
43600,84.97839212417603,9592,5.0,5.0,5.0
43601,84.97993683815002,9592,14.0,5.0,5.0
43602,84.98141956329346,9592,21.200000000000003,5.0,5.0
43604,84.9836745262146,9592,26.960000000000004,5.0,5.0
43607,84.99323558807373,9592,23.803520000000006,5.0,5.0
43609,84.99629640579224,9592,25.234252800000007,5.0,5.0
43610,84.99761700630188,9592,20.187402240000008,5.0,5.0
43620,85.0153968334198,9592,8.268759957504006,5.0,5.0
43630,85.03475666046143,9592,5.0,5.0,5.0
43640,85.05834770202637,9592,14.0,5.0,5.0
43642,85.06114959716797,9592,21.200000000000003,5.0,5.0
43650,85.07159614562988,9592,5.0,5.0,5.0
43652,85.07478880882263,9592,14.0,5.0,5.0
43654,85.07773089408875,9592,18.96,5.0,5.0
43660,85.08578300476074,9592,7.766016000000002,5.0,5.0
43670,85.10830855369568,9592,5.0,5.0,5.0
43680,85.13264441490173,9592,5.0,5.0,5.0
43683,85.14164304733276,9592,14.0,5.0,5.0
43690,85.15248107910156,9592,5.734400000000001,5.0,5.0
43700,85.17053413391113,9592,5.0,5.0,5.0
43710,85.19172096252441,9592,5.0,5.0,5.0
43716,85.19885420799255,9592,14.0,5.0,5.0
43717,85.20049142837524,9592,21.200000000000003,5.0,5.0
43720,85.20445036888123,9592,13.568000000000005,5.0,5.0
43724,85.21002054214478,9592,16.946816000000005,5.0,5.0
43729,85.21910381317139,9592,18.676769792000005,5.0,5.0
43730,85.22275829315186,9592,18.676769792000005,5.0,5.0
43740,85.23827981948853,9592,5.0,5.0,5.0
43750,85.25738525390625,9592,5.0,5.0,5.0
43760,85.28044533729553,9592,5.0,5.0,5.0
43766,85.29504609107971,9592,14.0,5.0,5.0
43770,85.30549645423889,9592,11.200000000000001,5.0,5.0
43778,85.31881380081177,9592,14.587520000000001,5.0,5.0
43780,85.32142758369446,9592,11.670016000000002,5.0,5.0
43785,85.33102679252625,9592,14.780038553600003,5.0,5.0
43788,85.33528971672058,9592,19.459224674304004,5.0,5.0
43790,85.33795094490051,9592,12.453903791554565,5.0,5.0
43794,85.34594225883484,9592,16.37639874127594,5.0,5.0
43797,85.35272312164307,9592,20.480895194416604,5.0,5.0
43799,85.35561299324036,9592,23.107772924426627,5.0,5.0
43800,85.35694408416748,9592,18.486218339541303,5.0,5.0
43804,85.3621711730957,9592,19.46494378984515,5.0,5.0
43810,85.3728597164154,9592,6.378272781056461,5.0,5.0
43812,85.37578129768372,9592,14.082094579876136,5.0,5.0
43820,85.38649034500122,9592,5.0,5.0,5.0
43830,85.40930485725403,9592,5.0,5.0,5.0
43834,85.41706156730652,9592,14.0,5.0,5.0
43836,85.4200119972229,9592,18.96,5.0,5.0
43840,85.42516279220581,9592,12.134400000000001,5.0,5.0
43850,85.4496841430664,9592,6.212812800000002,5.0,5.0
43860,85.4738998413086,9592,5.0,5.0,5.0
43870,85.49890542030334,9592,5.0,5.0,5.0
43880,85.52074718475342,9592,5.0,5.0,5.0
43888,85.53589987754822,9592,14.0,5.0,5.0
43889,85.5374276638031,9592,21.200000000000003,5.0,5.0
43890,85.53873133659363,9592,16.960000000000004,5.0,5.0
43898,85.55625128746033,9592,16.946816000000005,5.0,5.0
43900,85.56128478050232,9592,13.557452800000005,5.0,5.0
43907,85.57289218902588,9592,14.442506133504004,5.0,5.0
43910,85.57692575454712,9592,9.243203925442563,5.0,5.0
43920,85.59899187088013,9592,14.0,5.0,5.0
43930,85.62392139434814,9592,7.168000000000001,5.0,5.0
43934,85.63179898262024,9592,15.7344,5.0,5.0
43935,85.63337349891663,9592,22.58752,5.0,5.0
43940,85.64007520675659,9592,11.564810240000003,5.0,5.0
43950,85.6576099395752,9592,9.251848192000002,5.0,5.0
43952,85.66062259674072,9592,17.4014785536,5.0,5.0
43960,85.68747758865356,9592,8.909557019443202,5.0,5.0
43966,85.69985461235046,9592,14.56169319395492,5.0,5.0
43970,85.70782589912415,9592,9.31948364413115,5.0,5.0
43976,85.72127747535706,9592,14.77157562579515,5.0,5.0
43980,85.72663998603821,9592,7.563046720407117,5.0,5.0
43990,85.74689745903015,9592,5.0,5.0,5.0
44000,85.76890993118286,9592,5.0,5.0,5.0
44010,85.78451943397522,9592,5.0,5.0,5.0
44017,85.79618120193481,9592,14.0,5.0,5.0
44020,85.80776643753052,9592,11.200000000000001,5.0,5.0
44030,85.82808065414429,9592,5.0,5.0,5.0
44040,85.8458480834961,9592,5.0,5.0,5.0
44050,85.87010264396667,9592,5.0,5.0,5.0
44051,85.87183046340942,9592,14.0,5.0,5.0
44060,85.88775277137756,9592,5.734400000000001,5.0,5.0
44070,85.90779542922974,9592,5.0,5.0,5.0
44080,85.92885136604309,9592,5.0,5.0,5.0
44090,85.95255708694458,9592,5.0,5.0,5.0
44100,85.97493171691895,9592,5.0,5.0,5.0
44108,85.98768782615662,9592,14.0,5.0,5.0
44110,85.99048900604248,9592,8.96,5.0,5.0
44120,86.00507736206055,9592,5.0,5.0,5.0
44129,86.02186584472656,9592,14.0,5.0,5.0
44130,86.02327585220337,9592,11.200000000000001,5.0,5.0
44140,86.04727053642273,9592,5.0,5.0,5.0
44147,86.05643081665039,9592,14.0,5.0,5.0
44150,86.06780314445496,9592,8.96,5.0,5.0
44160,86.08515238761902,9592,5.0,5.0,5.0
44162,86.08790445327759,9592,14.0,5.0,5.0
44170,86.1050157546997,9592,8.96,5.0,5.0
44180,86.12510919570923,9592,5.0,5.0,5.0
44190,86.14464664459229,9592,5.0,5.0,5.0
44200,86.1617534160614,9592,5.0,5.0,5.0
44210,86.1818311214447,9592,5.0,5.0,5.0
44217,86.19349122047424,9592,14.0,5.0,5.0
44220,86.19965815544128,9592,8.96,5.0,5.0
44230,86.22413849830627,9592,5.734400000000001,5.0,5.0
44240,86.24292492866516,9592,5.0,5.0,5.0
44250,86.26097798347473,9592,14.0,5.0,5.0
44260,86.27697730064392,9592,5.0,5.0,5.0
44270,86.29508018493652,9592,5.0,5.0,5.0
44277,86.30471229553223,9592,14.0,5.0,5.0
44280,86.31408977508545,9592,11.200000000000001,5.0,5.0
44290,86.33786106109619,9592,5.0,5.0,5.0
44300,86.35634303092957,9592,5.0,5.0,5.0
44310,86.37497901916504,9592,5.0,5.0,5.0
44313,86.38160014152527,9592,14.0,5.0,5.0
44320,86.39057183265686,9592,5.734400000000001,5.0,5.0
44324,86.3987557888031,9592,14.0,5.0,5.0
44330,86.40655207633972,9592,5.734400000000001,5.0,5.0
44332,86.40946388244629,9592,14.587520000000001,5.0,5.0
44333,86.41105914115906,9592,21.670016000000004,5.0,5.0
44340,86.42539429664612,9592,18.876038553600004,5.0,5.0
44341,86.42701458930969,9592,25.100830842880004,5.0,5.0
44350,86.44709491729736,9592,10.281300313243651,5.0,5.0
44360,86.46455669403076,9592,5.0,5.0,5.0
44370,86.48990225791931,9592,5.0,5.0,5.0
44380,86.51197528839111,9592,5.0,5.0,5.0
44390,86.53617930412292,9592,5.0,5.0,5.0
44397,86.55219626426697,9592,14.0,5.0,5.0
44400,86.56056761741638,9592,11.200000000000001,5.0,5.0
44410,86.57577848434448,9592,5.734400000000001,5.0,5.0
44411,86.57735824584961,9592,14.587520000000001,5.0,5.0
44414,86.58940696716309,9592,19.336012800000002,5.0,5.0
44420,86.60014462471008,9592,12.375048192000003,5.0,5.0
44421,86.60175347328186,9592,19.900038553600005,5.0,5.0
44422,86.60334324836731,9592,25.920030842880003,5.0,5.0
44430,86.62537169456482,9592,13.271055791554566,5.0,5.0
44436,86.6361792087555,9592,15.435824452220752,5.0,5.0
44440,86.64383244514465,9592,9.878927649421282,5.0,5.0
44446,86.66130232810974,9592,17.903142119537026,5.0,5.0
44447,86.66291093826294,9592,24.322513695629624,5.0,5.0
44450,86.67066240310669,9592,19.4580109565037,5.0,5.0
44452,86.67384099960327,9592,22.45312701216237,5.0,5.0
44460,86.68658709526062,9592,5.885952527476293,5.0,5.0
44470,86.70732235908508,9592,5.0,5.0,5.0
44476,86.72284317016602,9592,14.0,5.0,5.0
44480,86.73065662384033,9592,8.96,5.0,5.0
44489,86.74786233901978,9592,14.0,5.0,5.0
44490,86.74926543235779,9592,11.200000000000001,5.0,5.0
44494,86.76015210151672,9592,17.168,5.0,5.0
44500,86.77024579048157,9592,8.790016000000001,5.0,5.0
44510,86.79438519477844,9592,5.625610240000001,5.0,5.0
44513,86.79881572723389,9592,14.0,5.0,5.0
44520,86.81220364570618,9592,8.96,5.0,5.0
44530,86.83134484291077,9592,5.734400000000001,5.0,5.0
44540,86.84479022026062,9592,5.0,5.0,5.0
44550,86.86466884613037,9592,5.0,5.0,5.0
44557,86.87625050544739,9592,14.0,5.0,5.0
44560,86.88285493850708,9592,8.96,5.0,5.0
44570,86.90802097320557,9592,5.0,5.0,5.0
44571,86.90972089767456,9592,14.0,5.0,5.0
44577,86.91923880577087,9592,15.7344,5.0,5.0
44580,86.92788338661194,9592,15.7344,5.0,5.0
44590,86.95210123062134,9592,5.155848192000002,5.0,5.0
44595,86.95914244651794,9592,14.0,5.0,5.0
44600,86.97000479698181,9592,11.200000000000001,5.0,5.0
44610,86.99000954627991,9592,5.734400000000001,5.0,5.0
44616,87.00273203849792,9592,14.0,5.0,5.0
44620,87.00846362113953,9592,8.96,5.0,5.0
44626,87.01647734642029,9592,14.0,5.0,5.0
44630,87.02667284011841,9592,8.96,5.0,5.0
44635,87.03479933738708,9592,14.0,5.0,5.0
44637,87.03776264190674,9592,18.96,5.0,5.0
44640,87.04381251335144,9592,15.168000000000001,5.0,5.0
44650,87.06114554405212,9592,6.212812800000002,5.0,5.0
44660,87.08245515823364,9592,5.0,5.0,5.0
44662,87.08763003349304,9592,14.0,5.0,5.0
44663,87.08914303779602,9592,21.200000000000003,5.0,5.0
44667,87.0942132472992,9592,20.854400000000005,5.0,5.0
44670,87.09827470779419,9592,10.677452800000005,5.0,5.0
44680,87.11310195922852,9592,5.0,5.0,5.0
44686,87.12160134315491,9592,14.0,5.0,5.0
44690,87.12664008140564,9592,11.200000000000001,5.0,5.0
44700,87.14137077331543,9592,5.0,5.0,5.0
44709,87.15997362136841,9592,14.0,5.0,5.0
44710,87.16131734848022,9592,11.200000000000001,5.0,5.0
44720,87.1785843372345,9592,14.587520000000001,5.0,5.0
44723,87.18233299255371,9592,17.468810240000003,5.0,5.0
44730,87.19390416145325,9592,5.724179739443201,5.0,5.0
44740,87.21615147590637,9592,5.0,5.0,5.0
44750,87.23610615730286,9592,5.0,5.0,5.0
44759,87.25211691856384,9592,14.0,5.0,5.0
44760,87.2533369064331,9592,14.0,5.0,5.0
44770,87.2709572315216,9592,5.0,5.0,5.0
44780,87.29279518127441,9592,5.0,5.0,5.0
44790,87.30747818946838,9592,5.0,5.0,5.0
44794,87.31499218940735,9592,14.0,5.0,5.0
44799,87.326345205307,9592,17.168,5.0,5.0
44800,87.32753944396973,9592,17.168,5.0,5.0
44801,87.32911777496338,9592,23.7344,5.0,5.0
44810,87.34547734260559,9592,5.0,5.0,5.0
44820,87.36319541931152,9592,5.0,5.0,5.0
44830,87.38058066368103,9592,5.0,5.0,5.0
44837,87.39202737808228,9592,14.0,5.0,5.0
44840,87.39589643478394,9592,11.200000000000001,5.0,5.0
44850,87.42184615135193,9592,5.0,5.0,5.0
44859,87.43944430351257,9592,14.0,5.0,5.0
44860,87.4430742263794,9592,14.0,5.0,5.0
44867,87.45224618911743,9592,15.7344,5.0,5.0
44870,87.45620012283325,9592,10.070016000000003,5.0,5.0
44880,87.47684240341187,9592,5.0,5.0,5.0
44890,87.4920859336853,9592,5.0,5.0,5.0
44894,87.49999499320984,9592,14.0,5.0,5.0
44900,87.51046681404114,9592,5.734400000000001,5.0,5.0
44910,87.53087329864502,9592,5.0,5.0,5.0
44911,87.53285479545593,9592,14.0,5.0,5.0
44916,87.5397596359253,9592,17.168,5.0,5.0
44920,87.54761910438538,9592,8.790016000000001,5.0,5.0
44922,87.5530698299408,9592,17.0320128,5.0,5.0
44930,87.56321120262146,9592,5.0,5.0,5.0
44940,87.58303213119507,9592,5.0,5.0,5.0
44944,87.59323215484619,9592,14.0,5.0,5.0
44950,87.60510015487671,9592,8.96,5.0,5.0
44955,87.61425876617432,9592,14.587520000000001,5.0,5.0
44956,87.61579728126526,9592,21.670016000000004,5.0,5.0
44960,87.62554168701172,9592,13.868810240000002,5.0,5.0
44970,87.64426374435425,9592,5.0,5.0,5.0
44972,87.64734435081482,9592,14.0,5.0,5.0
44980,87.66343402862549,9592,15.7344,5.0,5.0
44981,87.6650185585022,9592,22.58752,5.0,5.0
44990,87.68258309364319,9592,5.921182842880002,5.0,5.0
45000,87.6953239440918,9592,5.0,5.0,5.0
45010,87.71738195419312,9592,5.0,5.0,5.0
45020,87.74079132080078,9592,5.0,5.0,5.0
45030,87.76255393028259,9592,5.0,5.0,5.0
45040,87.78039026260376,9592,5.0,5.0,5.0
45047,87.79427552223206,9592,14.0,5.0,5.0
45050,87.79789638519287,9592,8.96,5.0,5.0
45054,87.80561685562134,9592,14.587520000000001,5.0,5.0
45059,87.81274819374084,9592,15.975048192000003,5.0,5.0
45060,87.81405019760132,9592,12.780038553600003,5.0,5.0
45070,87.83400440216064,9592,5.234703791554562,5.0,5.0
45080,87.85597109794617,9592,5.0,5.0,5.0
45090,87.87840437889099,9592,5.0,5.0,5.0
45100,87.89814758300781,9592,5.0,5.0,5.0
45110,87.91988563537598,9592,5.0,5.0,5.0
45112,87.92492651939392,9592,14.0,5.0,5.0
45119,87.94369316101074,9592,17.168,5.0,5.0
45120,87.94524836540222,9592,23.7344,5.0,5.0
45123,87.9496169090271,9592,22.1520128,5.0,5.0
45125,87.95334529876709,9592,24.177288192,5.0,5.0
45126,87.95489621162415,9592,29.3418305536,5.0,5.0
45130,87.96011209487915,9592,15.023017243443201,5.0,5.0
45140,87.98263669013977,9592,5.0,5.0,5.0
45150,88.00251531600952,9592,5.0,5.0,5.0
45160,88.02620339393616,9592,5.0,5.0,5.0
45170,88.0497179031372,9592,5.0,5.0,5.0
45180,88.0665283203125,9592,5.0,5.0,5.0
45190,88.0882294178009,9592,5.0,5.0,5.0
45191,88.08978867530823,9592,14.0,5.0,5.0
45197,88.10202169418335,9592,15.7344,5.0,5.0
45200,88.10616517066956,9592,10.070016000000003,5.0,5.0
45205,88.11495876312256,9592,15.155848192000002,5.0,5.0
45210,88.12417840957642,9592,9.699742842880003,5.0,5.0
45212,88.12711119651794,9592,17.759794274304003,5.0,5.0
45220,88.13738632202148,9592,5.819529387803937,5.0,5.0
45230,88.16127562522888,9592,5.0,5.0,5.0
45240,88.18341827392578,9592,5.0,5.0,5.0
45250,88.21178245544434,9592,5.0,5.0,5.0
45258,88.22950339317322,9592,14.0,5.0,5.0
45259,88.23106455802917,9592,21.200000000000003,5.0,5.0
45260,88.23239874839783,9592,16.960000000000004,5.0,5.0
45270,88.2538754940033,9592,8.683520000000005,5.0,5.0
45280,88.27845931053162,9592,5.0,5.0,5.0
45285,88.28799843788147,9592,14.0,5.0,5.0
45290,88.2993631362915,9592,7.168000000000001,5.0,5.0
45296,88.30767774581909,9592,14.0,5.0,5.0
45300,88.31745767593384,9592,11.200000000000001,5.0,5.0
45310,88.33743643760681,9592,5.0,5.0,5.0
45320,88.36428046226501,9592,5.0,5.0,5.0
45323,88.36856460571289,9592,14.0,5.0,5.0
45330,88.38149881362915,9592,8.96,5.0,5.0
45340,88.40823006629944,9592,5.0,5.0,5.0
45350,88.42803621292114,9592,5.0,5.0,5.0
45360,88.46009397506714,9592,5.0,5.0,5.0
45370,88.49476146697998,9592,5.0,5.0,5.0
45371,88.49644708633423,9592,14.0,5.0,5.0
45374,88.50381278991699,9592,18.96,5.0,5.0
45380,88.52030420303345,9592,7.766016000000002,5.0,5.0
45382,88.52680373191833,9592,16.212812800000002,5.0,5.0
45390,88.54189348220825,9592,5.312614498304002,5.0,5.0
45393,88.54825377464294,9592,14.250091598643202,5.0,5.0
45395,88.55118870735168,9592,19.120058623131648,5.0,5.0
45400,88.55772805213928,9592,9.789470015043406,5.0,5.0
45410,88.57540678977966,9592,5.0,5.0,5.0
45420,88.59904026985168,9592,5.0,5.0,5.0
45424,88.6112003326416,9592,14.0,5.0,5.0
45430,88.62083840370178,9592,8.96,5.0,5.0
45440,88.64024686813354,9592,5.0,5.0,5.0
45450,88.65542268753052,9592,5.0,5.0,5.0
45451,88.65701746940613,9592,14.0,5.0,5.0
45453,88.65994954109192,9592,21.200000000000003,5.0,5.0
45460,88.67503809928894,9592,16.946816000000005,5.0,5.0
45463,88.6785991191864,9592,18.676769792000005,5.0,5.0
45465,88.68151760101318,9592,21.953132666880002,5.0,5.0
45466,88.68502354621887,9592,27.562506133504,5.0,5.0
45470,88.69417238235474,9592,14.112003140354052,5.0,5.0
45480,88.71229290962219,9592,5.780276486289021,5.0,5.0
45484,88.72078967094421,9592,14.0,5.0,5.0
45485,88.72230172157288,9592,21.200000000000003,5.0,5.0
45490,88.73408079147339,9592,10.854400000000005,5.0,5.0
45500,88.75761198997498,9592,8.683520000000005,5.0,5.0
45509,88.77684092521667,9592,14.445962240000004,5.0,5.0
45510,88.77830457687378,9592,11.556769792000004,5.0,5.0
45520,88.7986912727356,9592,5.0,5.0,5.0
45525,88.81352996826172,9592,14.0,5.0,5.0
45526,88.81516075134277,9592,21.200000000000003,5.0,5.0
45529,88.81934928894043,9592,23.568000000000005,5.0,5.0
45530,88.82070326805115,9592,18.854400000000005,5.0,5.0
45540,88.84105515480042,9592,7.722762240000003,5.0,5.0
45550,88.86075019836426,9592,5.0,5.0,5.0
45560,88.8883786201477,9592,5.0,5.0,5.0
45570,88.90662431716919,9592,5.0,5.0,5.0
45575,88.92129588127136,9592,14.0,5.0,5.0
45580,88.93141269683838,9592,5.734400000000001,5.0,5.0
45581,88.9330837726593,9592,14.587520000000001,5.0,5.0
45590,88.95029473304749,9592,7.4688102400000025,5.0,5.0
45600,88.98218727111816,9592,5.0,5.0,5.0
45608,88.99878668785095,9592,14.0,5.0,5.0
45610,89.00361227989197,9592,11.200000000000001,5.0,5.0
45620,89.0221016407013,9592,5.0,5.0,5.0
45622,89.03099346160889,9592,14.0,5.0,5.0
45630,89.048513174057,9592,7.168000000000001,5.0,5.0
45640,89.07444357872009,9592,5.0,5.0,5.0
45650,89.09762454032898,9592,5.0,5.0,5.0
45660,89.119882106781,9592,5.0,5.0,5.0
45663,89.12696361541748,9592,14.0,5.0,5.0
45670,89.13643002510071,9592,14.587520000000001,5.0,5.0
45675,89.14614915847778,9592,17.468810240000003,5.0,5.0
45680,89.15497279167175,9592,11.180038553600003,5.0,5.0
45690,89.17473006248474,9592,5.724179739443201,5.0,5.0
45700,89.19033670425415,9592,5.0,5.0,5.0
45704,89.19594621658325,9592,14.0,5.0,5.0
45710,89.20607042312622,9592,5.734400000000001,5.0,5.0
45711,89.20768570899963,9592,14.587520000000001,5.0,5.0
45720,89.22251677513123,9592,5.0,5.0,5.0
45725,89.23462677001953,9592,14.0,5.0,5.0
45730,89.24085474014282,9592,8.96,5.0,5.0
45740,89.26713943481445,9592,5.0,5.0,5.0
45750,89.29316306114197,9592,5.0,5.0,5.0
45757,89.31081366539001,9592,14.0,5.0,5.0
45760,89.31507658958435,9592,7.168000000000001,5.0,5.0
45770,89.3462142944336,9592,5.0,5.0,5.0
45775,89.35529112815857,9592,14.0,5.0,5.0
45780,89.36975502967834,9592,8.96,5.0,5.0
45790,89.39357805252075,9592,5.0,5.0,5.0
45800,89.41498374938965,9592,5.0,5.0,5.0
45807,89.43199563026428,9592,14.0,5.0,5.0
45810,89.44170188903809,9592,11.200000000000001,5.0,5.0
45820,89.46290397644043,9592,5.0,5.0,5.0
45823,89.46727156639099,9592,14.0,5.0,5.0
45830,89.49128341674805,9592,11.200000000000001,5.0,5.0
45840,89.53023314476013,9592,7.168000000000001,5.0,5.0
45850,89.55892777442932,9592,5.0,5.0,5.0
45860,89.5803017616272,9592,5.0,5.0,5.0
45870,89.60527968406677,9592,5.0,5.0,5.0
45880,89.61934423446655,9592,5.0,5.0,5.0
45889,89.63381218910217,9592,14.0,5.0,5.0
45890,89.63508224487305,9592,14.0,5.0,5.0
45899,89.65538382530212,9592,15.7344,5.0,5.0
45900,89.65895318984985,9592,15.7344,5.0,5.0
45910,89.68127846717834,9592,15.155848192000002,5.0,5.0
45911,89.6828978061676,9592,22.124678553600003,5.0,5.0
45913,89.68585300445557,9592,24.159794274304005,5.0,5.0
45920,89.69541716575623,9592,6.333345110243151,5.0,5.0
45930,89.71841168403625,9592,5.0,5.0,5.0
45936,89.73820924758911,9592,14.0,5.0,5.0
45940,89.74998354911804,9592,17.168,5.0,5.0
45950,89.77501511573792,9592,8.790016000000001,5.0,5.0
45960,89.79976344108582,9592,7.032012800000001,5.0,5.0
45970,89.82517218589783,9592,5.0,5.0,5.0
45980,89.84900903701782,9592,5.0,5.0,5.0
45982,89.85436248779297,9592,14.0,5.0,5.0
45990,89.87242770195007,9592,5.734400000000001,5.0,5.0
46000,89.88915348052979,9592,5.0,5.0,5.0
46010,89.90913963317871,9592,5.0,5.0,5.0
46019,89.923823595047,9592,14.0,5.0,5.0
46020,89.92539691925049,9592,21.200000000000003,5.0,5.0
46030,89.94159007072449,9592,14.0,5.0,5.0
46032,89.944500207901,9592,18.96,5.0,5.0
46038,89.95306038856506,9592,16.212812800000002,5.0,5.0
46040,89.95812392234802,9592,12.970250240000002,5.0,5.0
46049,89.97482442855835,9592,14.250091598643202,5.0,5.0
46050,89.97613906860352,9592,11.400073278914562,5.0,5.0
46059,89.9951548576355,9592,15.836837518804256,5.0,5.0
46060,89.99649477005005,9592,12.669470015043405,5.0,5.0
46070,90.01777458190918,9592,5.189414918161781,5.0,5.0
46080,90.04835915565491,9592,5.0,5.0,5.0
46090,90.07113575935364,9592,5.0,5.0,5.0
46100,90.09330868721008,9592,5.0,5.0,5.0
46104,90.09892654418945,9592,14.0,5.0,5.0
46110,90.10933351516724,9592,5.734400000000001,5.0,5.0
46120,90.13146877288818,9592,5.0,5.0,5.0
46121,90.13306379318237,9592,14.0,5.0,5.0
46130,90.15549159049988,9592,7.168000000000001,5.0,5.0
46140,90.18197393417358,9592,5.0,5.0,5.0
46150,90.19809579849243,9592,5.0,5.0,5.0
46160,90.22162222862244,9592,5.0,5.0,5.0
46170,90.24571490287781,9592,5.0,5.0,5.0
46180,90.27137541770935,9592,5.0,5.0,5.0
46190,90.29312109947205,9592,5.0,5.0,5.0
46192,90.29844450950623,9592,14.0,5.0,5.0
46200,90.31359815597534,9592,8.96,5.0,5.0
46201,90.31539845466614,9592,17.168,5.0,5.0
46210,90.33421349525452,9592,8.790016000000001,5.0,5.0
46211,90.33590340614319,9592,17.0320128,5.0,5.0
46212,90.33743453025818,9592,23.62561024,5.0,5.0
46217,90.3445782661438,9592,17.741639963443202,5.0,5.0
46220,90.34868884086609,9592,11.35464957660365,5.0,5.0
46230,90.3716835975647,9592,5.81358058322107,5.0,5.0
46240,90.39348316192627,9592,5.0,5.0,5.0
46250,90.41562151908875,9592,5.0,5.0,5.0
46260,90.44303965568542,9592,5.0,5.0,5.0
46266,90.45357751846313,9592,14.0,5.0,5.0
46268,90.459885597229,9592,21.200000000000003,5.0,5.0
46270,90.46485447883606,9592,16.960000000000004,5.0,5.0
46271,90.46655440330505,9592,23.568000000000005,5.0,5.0
46276,90.4735152721405,9592,22.066816000000003,5.0,5.0
46280,90.4865288734436,9592,17.653452800000004,5.0,5.0
46287,90.50076079368591,9592,17.23085426688,5.0,5.0
46290,90.50528907775879,9592,18.822197384642564,5.0,5.0
46299,90.53430581092834,9592,19.636965060936994,5.0,5.0
46300,90.53569006919861,9592,15.709572048749596,5.0,5.0
46310,90.55408644676208,9592,5.14771256893427,5.0,5.0
46312,90.55707693099976,9592,14.0,5.0,5.0
46320,90.5726249217987,9592,5.734400000000001,5.0,5.0
46330,90.59363436698914,9592,5.0,5.0,5.0
46332,90.59663414955139,9592,14.0,5.0,5.0
46340,90.61001062393188,9592,5.0,5.0,5.0
46350,90.63230085372925,9592,5.0,5.0,5.0
46355,90.64037442207336,9592,14.0,5.0,5.0
46360,90.6501715183258,9592,18.96,5.0,5.0
46370,90.66939735412598,9592,5.0,5.0,5.0
46374,90.67508506774902,9592,14.0,5.0,5.0
46380,90.69298005104065,9592,7.168000000000001,5.0,5.0
46382,90.69838762283325,9592,15.7344,5.0,5.0
46384,90.701256275177,9592,22.58752,5.0,5.0
46385,90.7029218673706,9592,28.070016000000003,5.0,5.0
46387,90.70594787597656,9592,27.964810240000002,5.0,5.0
46390,90.71261072158813,9592,17.897478553600003,5.0,5.0
46392,90.71580624580383,9592,21.454386274304003,5.0,5.0
46396,90.722003698349,9592,18.78771661795492,5.0,5.0
46400,90.7278184890747,9592,7.6954487267143366,5.0,5.0
46410,90.74493670463562,9592,5.0,5.0,5.0
46418,90.75826525688171,9592,14.0,5.0,5.0
46420,90.76333522796631,9592,11.200000000000001,5.0,5.0
46430,90.79121422767639,9592,7.168000000000001,5.0,5.0
46440,90.81093239784241,9592,5.0,5.0,5.0
46443,90.81993675231934,9592,14.0,5.0,5.0
46450,90.8338303565979,9592,7.168000000000001,5.0,5.0
46460,90.85824966430664,9592,14.0,5.0,5.0
46470,90.87872958183289,9592,5.0,5.0,5.0
46472,90.88192081451416,9592,14.0,5.0,5.0
46480,90.89803051948547,9592,7.168000000000001,5.0,5.0
46490,90.91856169700623,9592,5.0,5.0,5.0
46494,90.92900347709656,9592,14.0,5.0,5.0
46500,90.94141125679016,9592,18.96,5.0,5.0
46510,90.96209287643433,9592,6.212812800000002,5.0,5.0
46520,90.98178958892822,9592,5.0,5.0,5.0
46530,90.99792742729187,9592,5.0,5.0,5.0
46540,91.01853632926941,9592,5.0,5.0,5.0
46550,91.03590726852417,9592,5.0,5.0,5.0
46559,91.05292248725891,9592,14.0,5.0,5.0
46560,91.05450987815857,9592,21.200000000000003,5.0,5.0
46562,91.05970430374146,9592,26.960000000000004,5.0,5.0
46568,91.07308745384216,9592,21.042816000000002,5.0,5.0
46570,91.07582640647888,9592,16.8342528,5.0,5.0
46580,91.09085297584534,9592,5.516247957504002,5.0,5.0
46582,91.0962541103363,9592,14.412998366003201,5.0,5.0
46584,91.09924936294556,9592,19.22431895424205,5.0,5.0
46589,91.10619974136353,9592,17.874281043657547,5.0,5.0
46590,91.10758829116821,9592,14.299424834926038,5.0,5.0
46595,91.11479592323303,9592,15.857044412385706,5.0,5.0
46600,91.12116622924805,9592,8.118806739141483,5.0,5.0
46602,91.12406730651855,9592,16.495045391313187,5.0,5.0
46606,91.13218331336975,9592,18.445463240352353,5.0,5.0
46610,91.13769102096558,9592,9.444077179060406,5.0,5.0
46611,91.13936972618103,9592,17.555261743248323,5.0,5.0
46620,91.15353798866272,9592,5.752508168027612,5.0,5.0
46630,91.17360305786133,9592,5.0,5.0,5.0
46640,91.18859028816223,9592,5.0,5.0,5.0
46644,91.19437861442566,9592,14.0,5.0,5.0
46648,91.20200109481812,9592,21.200000000000003,5.0,5.0
46650,91.20468759536743,9592,16.960000000000004,5.0,5.0
46660,91.2297477722168,9592,6.9468160000000045,5.0,5.0
46661,91.2313392162323,9592,15.557452800000004,5.0,5.0
46663,91.23425555229187,9592,19.956769792000003,5.0,5.0
46670,91.24768877029419,9592,12.772332666880004,5.0,5.0
46680,91.26829862594604,9592,5.0,5.0,5.0
46690,91.28879046440125,9592,5.0,5.0,5.0
46700,91.30487847328186,9592,5.0,5.0,5.0
46704,91.31096696853638,9592,14.0,5.0,5.0
46710,91.32389497756958,9592,8.96,5.0,5.0
46720,91.33968710899353,9592,5.0,5.0,5.0
46730,91.36016988754272,9592,5.0,5.0,5.0
46739,91.37775373458862,9592,14.0,5.0,5.0
46740,91.37908697128296,9592,11.200000000000001,5.0,5.0
46749,91.39666867256165,9592,14.0,5.0,5.0
46750,91.39804720878601,9592,11.200000000000001,5.0,5.0
46760,91.41390657424927,9592,5.0,5.0,5.0
46770,91.43708753585815,9592,5.0,5.0,5.0
46780,91.45866513252258,9592,5.0,5.0,5.0
46785,91.46809101104736,9592,14.0,5.0,5.0
46790,91.47718214988708,9592,11.200000000000001,5.0,5.0
46800,91.50152587890625,9592,5.0,5.0,5.0
46810,91.52564549446106,9592,5.0,5.0,5.0
46820,91.54995846748352,9592,5.0,5.0,5.0
46830,91.5706832408905,9592,5.0,5.0,5.0
46835,91.58098840713501,9592,14.0,5.0,5.0
46836,91.58266830444336,9592,21.200000000000003,5.0,5.0
46840,91.59363150596619,9592,13.568000000000005,5.0,5.0
46850,91.62392568588257,9592,5.557452800000004,5.0,5.0
46855,91.63683605194092,9592,14.0,5.0,5.0
46860,91.64631867408752,9592,8.96,5.0,5.0
46869,91.66194272041321,9592,14.0,5.0,5.0
46870,91.66334557533264,9592,11.200000000000001,5.0,5.0
46871,91.66503953933716,9592,18.96,5.0,5.0
46874,91.66941332817078,9592,22.1344,5.0,5.0
46880,91.67750930786133,9592,7.253000192000001,5.0,5.0
46890,91.69688272476196,9592,5.0,5.0,5.0
46899,91.72701644897461,9592,14.0,5.0,5.0
46900,91.72786617279053,9592,14.0,5.0,5.0
46904,91.73588585853577,9592,18.96,5.0,5.0
46907,91.7425286769867,9592,22.1344,5.0,5.0
46908,91.7441475391388,9592,27.70752,5.0,5.0
46910,91.74940586090088,9592,22.166016,5.0,5.0
46916,91.76527500152588,9592,19.079200153600002,5.0,5.0
46917,91.7671446800232,9592,25.26336012288,5.0,5.0
46918,91.76875162124634,9592,30.210688098304004,5.0,5.0
46920,91.77143406867981,9592,24.168550478643205,5.0,5.0
46925,91.78309178352356,9592,22.37429784506532,5.0,5.0
46926,91.78468465805054,9592,27.89943827605226,5.0,5.0
46930,91.79009318351746,9592,11.427609917871008,5.0,5.0
46940,91.8067843914032,9592,5.0,5.0,5.0
46946,91.81946778297424,9592,14.0,5.0,5.0
46950,91.83300375938416,9592,8.96,5.0,5.0
46960,91.86507534980774,9592,5.0,5.0,5.0
46970,91.89008665084839,9592,5.0,5.0,5.0
46980,91.91504502296448,9592,5.0,5.0,5.0
46990,91.93778562545776,9592,5.0,5.0,5.0
47000,91.95391249656677,9592,14.0,5.0,5.0
47010,91.97448492050171,9592,5.0,5.0,5.0
47019,91.99339485168457,9592,14.0,5.0,5.0
47020,91.99475026130676,9592,11.200000000000001,5.0,5.0
47024,92.00283122062683,9592,15.7344,5.0,5.0
47026,92.00577521324158,9592,22.58752,5.0,5.0
47028,92.00864577293396,9592,28.070016000000003,5.0,5.0
47029,92.01311802864075,9592,32.4560128,5.0,5.0
47030,92.01530623435974,9592,32.4560128,5.0,5.0
47040,92.03196930885315,9592,6.806519215554563,5.0,5.0
47042,92.034996509552,9592,14.35617229795492,5.0,5.0
47050,92.05578827857971,9592,7.350360216552921,5.0,5.0
47060,92.07917404174805,9592,5.0,5.0,5.0
47070,92.09819650650024,9592,5.0,5.0,5.0
47074,92.10918974876404,9592,14.0,5.0,5.0
47075,92.11080598831177,9592,21.200000000000003,5.0,5.0
47079,92.11670708656311,9592,18.683520000000005,5.0,5.0
47080,92.1183249950409,9592,24.946816000000005,5.0,5.0
47084,92.12418818473816,9592,20.218215833600006,5.0,5.0
47086,92.12723898887634,9592,22.939658133504004,5.0,5.0
47090,92.13966846466064,9592,11.74510496435405,5.0,5.0
47100,92.16177129745483,9592,5.0,5.0,5.0
47110,92.17784905433655,9592,5.0,5.0,5.0
47120,92.19507694244385,9592,5.0,5.0,5.0
47130,92.21419858932495,9592,5.0,5.0,5.0
47140,92.23852038383484,9592,5.0,5.0,5.0
47143,92.24281716346741,9592,14.0,5.0,5.0
47150,92.25843334197998,9592,11.200000000000001,5.0,5.0
47151,92.26020836830139,9592,18.96,5.0,5.0
47153,92.26321220397949,9592,22.1344,5.0,5.0
47160,92.27486443519592,9592,11.3328128,5.0,5.0
47166,92.28577184677124,9592,14.641920122880002,5.0,5.0
47170,92.29657435417175,9592,11.713536098304003,5.0,5.0
47180,92.32621741294861,9592,15.99733048233165,5.0,5.0
47190,92.34758186340332,9592,5.242005252450436,5.0,5.0
47197,92.36785531044006,9592,14.0,5.0,5.0
47200,92.37427592277527,9592,14.0,5.0,5.0
47210,92.398672580719,9592,5.0,5.0,5.0
47220,92.4262011051178,9592,5.0,5.0,5.0
47225,92.43883323669434,9592,14.0,5.0,5.0
47227,92.44198966026306,9592,18.96,5.0,5.0
47230,92.44628834724426,9592,12.134400000000001,5.0,5.0
47240,92.46850228309631,9592,5.0,5.0,5.0
47246,92.48366951942444,9592,14.0,5.0,5.0
47250,92.4936351776123,9592,11.200000000000001,5.0,5.0
47260,92.51192927360535,9592,5.0,5.0,5.0
47270,92.53877377510071,9592,5.0,5.0,5.0
47278,92.55245900154114,9592,14.0,5.0,5.0
47280,92.55520582199097,9592,8.96,5.0,5.0
47283,92.55952715873718,9592,17.168,5.0,5.0
47286,92.56359648704529,9592,23.7344,5.0,5.0
47288,92.56661748886108,9592,25.190016,5.0,5.0
47290,92.56929636001587,9592,20.1520128,5.0,5.0
47297,92.57860136032104,9592,16.603411554304003,5.0,5.0
47300,92.58719635009766,9592,13.282729243443203,5.0,5.0
47310,92.61214256286621,9592,5.440605898114336,5.0,5.0
47315,92.62397766113281,9592,14.0,5.0,5.0
47320,92.63939690589905,9592,11.200000000000001,5.0,5.0
47330,92.65518593788147,9592,5.0,5.0,5.0
47334,92.66323685646057,9592,14.0,5.0,5.0
47340,92.67616295814514,9592,7.168000000000001,5.0,5.0
47350,92.70389890670776,9592,5.0,5.0,5.0
47360,92.73261427879333,9592,5.0,5.0,5.0
47366,92.74358606338501,9592,14.0,5.0,5.0
47370,92.74923896789551,9592,7.168000000000001,5.0,5.0
47380,92.76922726631165,9592,5.0,5.0,5.0
47383,92.77597784996033,9592,14.0,5.0,5.0
47390,92.79177951812744,9592,5.0,5.0,5.0
47395,92.80098509788513,9592,14.0,5.0,5.0
47396,92.80261135101318,9592,21.200000000000003,5.0,5.0
47400,92.80817604064941,9592,10.854400000000005,5.0,5.0
47410,92.83128213882446,9592,5.0,5.0,5.0
47420,92.8551516532898,9592,5.0,5.0,5.0
47429,92.8703248500824,9592,14.0,5.0,5.0
47430,92.87159013748169,9592,14.0,5.0,5.0
47431,92.87319493293762,9592,21.200000000000003,5.0,5.0
47440,92.88774728775024,9592,6.9468160000000045,5.0,5.0
47450,92.90981435775757,9592,5.0,5.0,5.0
47460,92.92755436897278,9592,5.0,5.0,5.0
47470,92.9510064125061,9592,5.0,5.0,5.0
47480,92.96888732910156,9592,5.0,5.0,5.0
47490,92.9840247631073,9592,5.0,5.0,5.0
47500,93.00225377082825,9592,5.0,5.0,5.0
47510,93.0154881477356,9592,5.0,5.0,5.0
47512,93.02080345153809,9592,14.0,5.0,5.0
47520,93.03865718841553,9592,5.734400000000001,5.0,5.0
47530,93.05632209777832,9592,5.0,5.0,5.0
47536,93.06889009475708,9592,14.0,5.0,5.0
47539,93.07806158065796,9592,21.200000000000003,5.0,5.0
47540,93.08177375793457,9592,21.200000000000003,5.0,5.0
47550,93.1020667552948,9592,6.9468160000000045,5.0,5.0
47559,93.12589454650879,9592,14.0,5.0,5.0
47560,93.12726211547852,9592,11.200000000000001,5.0,5.0
47562,93.13233733177185,9592,18.96,5.0,5.0
47564,93.13529753684998,9592,22.1344,5.0,5.0
47569,93.14400863647461,9592,19.066250240000002,5.0,5.0
47570,93.14495515823364,9592,15.253000192000002,5.0,5.0
47573,93.1488208770752,9592,19.761920122880003,5.0,5.0
47580,93.15991187095642,9592,12.647628878643204,5.0,5.0
47583,93.16409254074097,9592,18.09448248233165,5.0,5.0
47590,93.17788457870483,9592,9.264375030953806,5.0,5.0
47596,93.19573593139648,9592,15.929200019810438,5.0,5.0
47600,93.20360136032104,9592,10.194688012678682,5.0,5.0
47606,93.22192788124084,9592,16.524600328114357,5.0,5.0
47610,93.22957396507263,9592,13.219680262491487,5.0,5.0
47614,93.2372362613678,9592,18.46059536799455,5.0,5.0
47616,93.23983693122864,9592,21.81478103551651,5.0,5.0
47620,93.24797034263611,9592,11.169167890184454,5.0,5.0
47628,93.26621508598328,9592,17.148267449718052,5.0,5.0
47630,93.26901030540466,9592,10.974891167819555,5.0,5.0
47634,93.28002762794495,9592,17.023930347404516,5.0,5.0
47635,93.28163719177246,9592,23.619144277923613,5.0,5.0
47637,93.284672498703,9592,25.116252337871117,5.0,5.0
47640,93.28886151313782,9592,12.859521196990015,5.0,5.0
47641,93.29050588607788,9592,20.287616957592014,5.0,5.0
47643,93.2935049533844,9592,22.98407485285889,5.0,5.0
47650,93.30558943748474,9592,17.531421647784803,5.0,5.0
47651,93.30716228485107,9592,24.02513731822784,5.0,5.0
47653,93.31021571159363,9592,25.37608788366582,5.0,5.0
47655,93.31321930885315,9592,26.24069624554613,5.0,5.0
47660,93.32203984260559,9592,10.748189182175697,5.0,5.0
47670,93.34491109848022,9592,5.503072861273958,5.0,5.0
47673,93.34946656227112,9592,14.0,5.0,5.0
47680,93.36870098114014,9592,5.734400000000001,5.0,5.0
47690,93.39339542388916,9592,5.734400000000001,5.0,5.0
47696,93.41302633285522,9592,14.0,5.0,5.0
47700,93.4205207824707,9592,18.96,5.0,5.0
47701,93.42205476760864,9592,25.168,5.0,5.0
47702,93.42361402511597,9592,30.1344,5.0,5.0
47710,93.44122385978699,9592,9.874440192000003,5.0,5.0
47715,93.45907020568848,9592,16.319641722880004,5.0,5.0
47720,93.47448563575745,9592,13.055713378304004,5.0,5.0
47730,93.4980218410492,9592,5.0,5.0,5.0
47733,93.50266194343567,9592,14.0,5.0,5.0
47735,93.50584697723389,9592,18.96,5.0,5.0
47736,93.50740957260132,9592,25.168,5.0,5.0
47740,93.51738739013672,9592,25.168,5.0,5.0
47747,93.52766990661621,9592,16.597640192,5.0,5.0
47750,93.53177189826965,9592,8.497991778304002,5.0,5.0
47759,93.54888439178467,9592,14.350971790491649,5.0,5.0
47760,93.55018353462219,9592,14.350971790491649,5.0,5.0
47770,93.57002067565918,9592,5.0,5.0,5.0
47780,93.5963249206543,9592,5.0,5.0,5.0
47789,93.6080379486084,9592,14.0,5.0,5.0
47790,93.60936760902405,9592,11.200000000000001,5.0,5.0
47800,93.62744164466858,9592,7.168000000000001,5.0,5.0
47810,93.64940762519836,9592,5.0,5.0,5.0
47820,93.67308902740479,9592,5.0,5.0,5.0
47824,93.68325424194336,9592,14.0,5.0,5.0
47830,93.69500494003296,9592,5.734400000000001,5.0,5.0
47833,93.70395970344543,9592,14.587520000000001,5.0,5.0
47840,93.7203540802002,9592,7.4688102400000025,5.0,5.0
47850,93.74718761444092,9592,5.0,5.0,5.0
47859,93.77014780044556,9592,14.0,5.0,5.0
47860,93.77148580551147,9592,11.200000000000001,5.0,5.0
47870,93.79932975769043,9592,5.0,5.0,5.0
47880,93.81530523300171,9592,5.0,5.0,5.0
47890,93.83434462547302,9592,5.0,5.0,5.0
47900,93.8661162853241,9592,5.0,5.0,5.0
47907,93.87813591957092,9592,14.0,5.0,5.0
47910,93.88248443603516,9592,7.168000000000001,5.0,5.0
47920,93.90056729316711,9592,5.0,5.0,5.0
47923,93.90439915657043,9592,14.0,5.0,5.0
47930,93.91676688194275,9592,7.168000000000001,5.0,5.0
47931,93.91856074333191,9592,15.7344,5.0,5.0
47940,93.9380111694336,9592,5.155848192000002,5.0,5.0
47950,93.9617133140564,9592,5.0,5.0,5.0
47960,93.98020529747009,9592,5.0,5.0,5.0
47967,93.99356603622437,9592,14.0,5.0,5.0
47970,93.99774146080017,9592,7.168000000000001,5.0,5.0
47980,94.02490425109863,9592,5.0,5.0,5.0
47981,94.02662301063538,9592,14.0,5.0,5.0
47990,94.04885983467102,9592,5.734400000000001,5.0,5.0
48000,94.07183742523193,9592,5.0,5.0,5.0
48010,94.08843612670898,9592,5.0,5.0,5.0
48016,94.09724998474121,9592,14.0,5.0,5.0
48020,94.1040871143341,9592,7.168000000000001,5.0,5.0
48030,94.1248791217804,9592,5.0,5.0,5.0
48040,94.144850730896,9592,5.0,5.0,5.0
48048,94.16315603256226,9592,14.0,5.0,5.0
48050,94.16613364219666,9592,8.96,5.0,5.0
48057,94.18055272102356,9592,14.587520000000001,5.0,5.0
48060,94.18720006942749,9592,9.336012800000002,5.0,5.0
48070,94.20265483856201,9592,5.0,5.0,5.0
48080,94.2233304977417,9592,5.0,5.0,5.0
48090,94.24353861808777,9592,5.0,5.0,5.0
48100,94.26129102706909,9592,5.0,5.0,5.0
48110,94.28871297836304,9592,5.0,5.0,5.0
48120,94.31158089637756,9592,5.0,5.0,5.0
48130,94.33422470092773,9592,5.0,5.0,5.0
48140,94.35752868652344,9592,5.0,5.0,5.0
48150,94.37347412109375,9592,5.0,5.0,5.0
48160,94.39667534828186,9592,5.0,5.0,5.0
48165,94.40393161773682,9592,14.0,5.0,5.0
48168,94.40824961662292,9592,18.96,5.0,5.0
48170,94.41334986686707,9592,15.168000000000001,5.0,5.0
48180,94.42923998832703,9592,6.212812800000002,5.0,5.0
48190,94.45736050605774,9592,5.0,5.0,5.0
48200,94.47764682769775,9592,5.0,5.0,5.0
48210,94.49887537956238,9592,5.0,5.0,5.0
48220,94.52567338943481,9592,14.0,5.0,5.0
48230,94.5518946647644,9592,17.168,5.0,5.0
48238,94.56851100921631,9592,17.0320128,5.0,5.0
48240,94.57947826385498,9592,13.62561024,5.0,5.0
48250,94.60062289237976,9592,5.0,5.0,5.0
48260,94.62389254570007,9592,5.0,5.0,5.0
48270,94.65339374542236,9592,5.0,5.0,5.0
48280,94.67341446876526,9592,5.0,5.0,5.0
48286,94.68862700462341,9592,14.0,5.0,5.0
48290,94.70497393608093,9592,8.96,5.0,5.0
48300,94.72436904907227,9592,5.734400000000001,5.0,5.0
48310,94.74709844589233,9592,5.0,5.0,5.0
48320,94.7663791179657,9592,5.0,5.0,5.0
48330,94.78948473930359,9592,5.0,5.0,5.0
48340,94.80969095230103,9592,5.0,5.0,5.0
48350,94.83513569831848,9592,5.0,5.0,5.0
48355,94.84243750572205,9592,14.0,5.0,5.0
48360,94.84933686256409,9592,7.168000000000001,5.0,5.0
48361,94.851069688797,9592,15.7344,5.0,5.0
48370,94.87483048439026,9592,15.7344,5.0,5.0
48380,94.894211769104,9592,6.4448102400000025,5.0,5.0
48390,94.91404700279236,9592,14.0,5.0,5.0
48393,94.92115879058838,9592,18.96,5.0,5.0
48400,94.93362307548523,9592,7.766016000000002,5.0,5.0
48410,94.95349740982056,9592,5.0,5.0,5.0
48411,94.95511412620544,9592,14.0,5.0,5.0
48420,94.97269630432129,9592,14.0,5.0,5.0
48430,94.98893356323242,9592,5.0,5.0,5.0
48440,95.02045154571533,9592,5.0,5.0,5.0
48450,95.0430703163147,9592,5.0,5.0,5.0
48460,95.06402683258057,9592,5.0,5.0,5.0
48470,95.08484983444214,9592,5.0,5.0,5.0
48472,95.08801317214966,9592,14.0,5.0,5.0
48475,95.09425806999207,9592,18.96,5.0,5.0
48480,95.1039068698883,9592,7.766016000000002,5.0,5.0
48489,95.12132716178894,9592,14.0,5.0,5.0
48490,95.12505388259888,9592,14.0,5.0,5.0
48500,95.14268612861633,9592,7.168000000000001,5.0,5.0
48509,95.15884971618652,9592,14.0,5.0,5.0
48510,95.16028261184692,9592,11.200000000000001,5.0,5.0
48520,95.18080949783325,9592,5.0,5.0,5.0
48530,95.20129179954529,9592,5.0,5.0,5.0
48540,95.22150659561157,9592,5.0,5.0,5.0
48546,95.23804068565369,9592,14.0,5.0,5.0
48550,95.24624633789062,9592,8.96,5.0,5.0
48560,95.27047419548035,9592,5.0,5.0,5.0
48568,95.29128766059875,9592,14.0,5.0,5.0
48570,95.29360961914062,9592,11.200000000000001,5.0,5.0
48575,95.30094528198242,9592,14.587520000000001,5.0,5.0
48580,95.31038904190063,9592,7.4688102400000025,5.0,5.0
48590,95.32445073127747,9592,5.0,5.0,5.0
48599,95.34497833251953,9592,14.0,5.0,5.0
48600,95.34639143943787,9592,11.200000000000001,5.0,5.0
48610,95.36867380142212,9592,5.0,5.0,5.0
48620,95.38420081138611,9592,5.0,5.0,5.0
48626,95.39277195930481,9592,14.0,5.0,5.0
48630,95.40016388893127,9592,8.96,5.0,5.0
48640,95.428719997406,9592,5.0,5.0,5.0
48650,95.44940114021301,9592,5.0,5.0,5.0
48652,95.45504570007324,9592,14.0,5.0,5.0
48660,95.47084832191467,9592,5.0,5.0,5.0
48670,95.49017310142517,9592,5.0,5.0,5.0
48680,95.5178394317627,9592,5.0,5.0,5.0
48690,95.54619646072388,9592,5.0,5.0,5.0
48691,95.54798436164856,9592,14.0,5.0,5.0
48700,95.56535148620605,9592,5.734400000000001,5.0,5.0
48704,95.5782585144043,9592,14.587520000000001,5.0,5.0
48710,95.58607649803162,9592,5.975048192000003,5.0,5.0
48720,95.61356496810913,9592,5.0,5.0,5.0
48730,95.63433575630188,9592,5.0,5.0,5.0
48740,95.6545786857605,9592,14.0,5.0,5.0
48750,95.6785204410553,9592,5.0,5.0,5.0
48760,95.69770050048828,9592,5.0,5.0,5.0
48762,95.70311069488525,9592,14.0,5.0,5.0
48764,95.70560574531555,9592,21.200000000000003,5.0,5.0
48770,95.71857976913452,9592,8.683520000000005,5.0,5.0
48780,95.73680806159973,9592,5.0,5.0,5.0
48790,95.75813412666321,9592,5.0,5.0,5.0
48800,95.78208017349243,9592,5.0,5.0,5.0
48810,95.8125376701355,9592,5.0,5.0,5.0
48820,95.83770942687988,9592,5.0,5.0,5.0
48830,95.86321330070496,9592,5.0,5.0,5.0
48840,95.8849048614502,9592,5.0,5.0,5.0
48841,95.88680601119995,9592,14.0,5.0,5.0
48842,95.88847637176514,9592,21.200000000000003,5.0,5.0
48845,95.89263248443604,9592,20.854400000000005,5.0,5.0
48850,95.90239310264587,9592,8.541962240000004,5.0,5.0
48855,95.91419792175293,9592,15.466855833600004,5.0,5.0
48860,95.92448592185974,9592,17.9190301868032,5.0,5.0
48865,95.93206977844238,9592,15.871707811611675,5.0,5.0
48868,95.93648481369019,9592,22.697366249289338,5.0,5.0
48870,95.94206285476685,9592,18.15789299943147,5.0,5.0
48874,95.9478874206543,9592,17.437472972567132,5.0,5.0
48877,95.9549355506897,9592,21.159982702442967,5.0,5.0
48880,95.96191668510437,9592,13.5423889295635,5.0,5.0
48890,95.97828841209412,9592,5.546962505549212,5.0,5.0
48898,95.99497771263123,9592,14.0,5.0,5.0
48900,95.99775457382202,9592,11.200000000000001,5.0,5.0
48910,96.01516962051392,9592,5.0,5.0,5.0
48920,96.03385090827942,9592,5.0,5.0,5.0
48930,96.0576741695404,9592,5.0,5.0,5.0
48940,96.07685565948486,9592,5.0,5.0,5.0
48950,96.09819841384888,9592,5.0,5.0,5.0
48960,96.12111711502075,9592,5.0,5.0,5.0
48969,96.14906620979309,9592,14.0,5.0,5.0
48970,96.1503381729126,9592,14.0,5.0,5.0
48980,96.16655278205872,9592,14.587520000000001,5.0,5.0
48990,96.18646764755249,9592,9.336012800000002,5.0,5.0
49000,96.20479726791382,9592,5.0,5.0,5.0
49010,96.2250804901123,9592,5.0,5.0,5.0
49020,96.25015926361084,9592,5.0,5.0,5.0
49030,96.26737117767334,9592,5.0,5.0,5.0
49040,96.28762578964233,9592,5.0,5.0,5.0
49050,96.3191876411438,9592,5.0,5.0,5.0
49060,96.344890832901,9592,5.0,5.0,5.0
49070,96.37688064575195,9592,5.0,5.0,5.0
49073,96.3840172290802,9592,14.0,5.0,5.0
49080,96.40148067474365,9592,8.96,5.0,5.0
49090,96.42974734306335,9592,5.0,5.0,5.0
49092,96.4327085018158,9592,14.0,5.0,5.0
49096,96.44098329544067,9592,18.96,5.0,5.0
49100,96.4511067867279,9592,15.168000000000001,5.0,5.0
49110,96.47479367256165,9592,5.0,5.0,5.0
49120,96.49370741844177,9592,5.0,5.0,5.0
49125,96.50326037406921,9592,14.0,5.0,5.0
49129,96.51127696037292,9592,18.96,5.0,5.0
49130,96.5126576423645,9592,15.168000000000001,5.0,5.0
49131,96.51431918144226,9592,22.1344,5.0,5.0
49135,96.522616147995,9592,21.3328128,5.0,5.0
49136,96.52426981925964,9592,27.06625024,5.0,5.0
49137,96.52588748931885,9592,31.653000192,5.0,5.0
49138,96.52742958068848,9592,35.3224001536,5.0,5.0
49140,96.53023433685303,9592,22.606336098304002,5.0,5.0
49150,96.54959845542908,9592,5.0,5.0,5.0
49154,96.55690407752991,9592,14.0,5.0,5.0
49160,96.56989550590515,9592,7.168000000000001,5.0,5.0
49170,96.58538937568665,9592,5.0,5.0,5.0
49180,96.60735034942627,9592,5.0,5.0,5.0
49190,96.62979459762573,9592,5.0,5.0,5.0
49195,96.63867282867432,9592,14.0,5.0,5.0
49196,96.64028000831604,9592,21.200000000000003,5.0,5.0
49200,96.64581990242004,9592,10.854400000000005,5.0,5.0
49203,96.65275263786316,9592,18.683520000000005,5.0,5.0
49204,96.65436720848083,9592,24.946816000000005,5.0,5.0
49210,96.66990518569946,9592,12.772769792000005,5.0,5.0
49212,96.67309856414795,9592,18.174572666880003,5.0,5.0
49220,96.68905901908875,9592,7.444304964354051,5.0,5.0
49227,96.70247101783752,9592,14.0,5.0,5.0
49230,96.70836639404297,9592,11.200000000000001,5.0,5.0
49240,96.72665691375732,9592,5.734400000000001,5.0,5.0
49250,96.74715185165405,9592,5.0,5.0,5.0
49254,96.7552342414856,9592,14.0,5.0,5.0
49260,96.76541519165039,9592,7.168000000000001,5.0,5.0
49269,96.78600883483887,9592,15.7344,5.0,5.0
49270,96.78738689422607,9592,12.587520000000001,5.0,5.0
49277,96.80800533294678,9592,18.056012800000005,5.0,5.0
49280,96.81217575073242,9592,11.555848192000004,5.0,5.0
49283,96.81606817245483,9592,17.395742842880004,5.0,5.0
49290,96.83272123336792,9592,7.12529626844365,5.0,5.0
49298,96.8507399559021,9592,14.0,5.0,5.0
49300,96.85348057746887,9592,11.200000000000001,5.0,5.0
49310,96.87835168838501,9592,5.734400000000001,5.0,5.0
49320,96.8961455821991,9592,5.0,5.0,5.0
49330,96.92247772216797,9592,5.0,5.0,5.0
49340,96.94310760498047,9592,5.0,5.0,5.0
49350,96.96472835540771,9592,5.0,5.0,5.0
49360,96.9853572845459,9592,5.0,5.0,5.0
49370,97.00837874412537,9592,5.0,5.0,5.0
49371,97.01007556915283,9592,14.0,5.0,5.0
49380,97.02779126167297,9592,5.734400000000001,5.0,5.0
49390,97.04595470428467,9592,5.0,5.0,5.0
49400,97.07117033004761,9592,5.0,5.0,5.0
49410,97.09224033355713,9592,5.0,5.0,5.0
49418,97.10570764541626,9592,14.0,5.0,5.0
49420,97.11073565483093,9592,14.0,5.0,5.0
49425,97.12036085128784,9592,17.168,5.0,5.0
49430,97.13182878494263,9592,13.7344,5.0,5.0
49440,97.15348601341248,9592,7.032012800000001,5.0,5.0
49450,97.17190980911255,9592,5.0,5.0,5.0
49455,97.17834258079529,9592,14.0,5.0,5.0
49457,97.18139338493347,9592,18.96,5.0,5.0
49460,97.18783926963806,9592,12.134400000000001,5.0,5.0
49462,97.19307661056519,9592,19.707520000000002,5.0,5.0
49470,97.2062463760376,9592,5.166208122880002,5.0,5.0
49480,97.23265147209167,9592,5.0,5.0,5.0
49482,97.23562788963318,9592,14.0,5.0,5.0
49490,97.24876976013184,9592,5.0,5.0,5.0
49500,97.27440667152405,9592,5.0,5.0,5.0
49503,97.2811336517334,9592,14.0,5.0,5.0
49508,97.28850483894348,9592,15.7344,5.0,5.0
49510,97.29384708404541,9592,22.58752,5.0,5.0
49512,97.30344843864441,9592,28.070016000000003,5.0,5.0
49514,97.30681014060974,9592,27.964810240000002,5.0,5.0
49520,97.31546521186829,9592,11.454386274304003,5.0,5.0
49526,97.32882618904114,9592,17.33080721555456,5.0,5.0
49530,97.33409142494202,9592,8.873373294363937,5.0,5.0
49531,97.33582592010498,9592,17.09869863549115,5.0,5.0
49540,97.35730385780334,9592,7.003626961097176,5.0,5.0
49550,97.38318991661072,9592,5.0,5.0,5.0
49560,97.41346192359924,9592,5.0,5.0,5.0
49564,97.41932582855225,9592,14.0,5.0,5.0
49570,97.42807054519653,9592,5.0,5.0,5.0
49580,97.45144963264465,9592,5.0,5.0,5.0
49584,97.46504473686218,9592,14.0,5.0,5.0
49590,97.473703622818,9592,5.734400000000001,5.0,5.0
49600,97.49497747421265,9592,5.0,5.0,5.0
49610,97.51610922813416,9592,5.0,5.0,5.0
49620,97.542076587677,9592,5.0,5.0,5.0
49630,97.56340742111206,9592,5.0,5.0,5.0
49634,97.57440114021301,9592,14.0,5.0,5.0
49639,97.58643102645874,9592,18.96,5.0,5.0
49640,97.58767795562744,9592,18.96,5.0,5.0
49644,97.59372782707214,9592,17.766016,5.0,5.0
49650,97.6060242652893,9592,11.370250240000003,5.0,5.0
49660,97.62303447723389,9592,5.0,5.0,5.0
49670,97.64107465744019,9592,5.0,5.0,5.0
49680,97.66420030593872,9592,5.0,5.0,5.0
49690,97.68284726142883,9592,5.0,5.0,5.0
49700,97.71356058120728,9592,5.0,5.0,5.0
49704,97.73047733306885,9592,14.0,5.0,5.0
49707,97.73454403877258,9592,18.96,5.0,5.0
49710,97.7412691116333,9592,12.134400000000001,5.0,5.0
49720,97.76028823852539,9592,5.0,5.0,5.0
49730,97.79576015472412,9592,5.0,5.0,5.0
49740,97.82512617111206,9592,5.0,5.0,5.0
49750,97.85204982757568,9592,5.0,5.0,5.0
49760,97.86981225013733,9592,5.0,5.0,5.0
49770,97.8900420665741,9592,5.0,5.0,5.0
49780,97.91578435897827,9592,5.0,5.0,5.0
49782,97.91878032684326,9592,14.0,5.0,5.0
49790,97.93969988822937,9592,8.96,5.0,5.0
49800,97.95817613601685,9592,5.0,5.0,5.0
49810,97.98500609397888,9592,5.0,5.0,5.0
49820,98.02148032188416,9592,5.0,5.0,5.0
49827,98.0336434841156,9592,14.0,5.0,5.0
49830,98.03750228881836,9592,14.0,5.0,5.0
49831,98.03924608230591,9592,21.200000000000003,5.0,5.0
49840,98.05653238296509,9592,6.9468160000000045,5.0,5.0
49849,98.07855653762817,9592,14.445962240000004,5.0,5.0
49850,98.08024525642395,9592,21.556769792000004,5.0,5.0
49860,98.09996104240417,9592,7.063722325442562,5.0,5.0
49863,98.10692548751831,9592,14.52078228828324,5.0,5.0
49870,98.12158441543579,9592,7.434640531601019,5.0,5.0
49880,98.14246439933777,9592,5.0,5.0,5.0
49890,98.16590118408203,9592,5.0,5.0,5.0
49900,98.18843579292297,9592,5.0,5.0,5.0
49904,98.19760584831238,9592,14.0,5.0,5.0
49908,98.20644760131836,9592,18.96,5.0,5.0
49910,98.20925641059875,9592,15.168000000000001,5.0,5.0
49915,98.22006392478943,9592,17.766016,5.0,5.0
49920,98.22720718383789,9592,11.370250240000003,5.0,5.0
49930,98.24874258041382,9592,5.821568122880002,5.0,5.0
49940,98.27588534355164,9592,5.0,5.0,5.0
49950,98.30673718452454,9592,5.0,5.0,5.0
49960,98.33082675933838,9592,5.0,5.0,5.0
49970,98.35212898254395,9592,5.0,5.0,5.0
49980,98.36771368980408,9592,5.0,5.0,5.0
49990,98.3921389579773,9592,5.0,5.0,5.0
49991,98.39394187927246,9592,14.0,5.0,5.0
49992,98.39624643325806,9592,21.200000000000003,5.0,5.0
49993,98.39800071716309,9592,26.960000000000004,5.0,5.0
50000,98.41333031654358,9592,11.042816000000004,5.0,5.0
